32761
32754
32745
32744
32742
32739
32737
32735
32724
32722
32721
32717
32705
32702
32699
32698
32690
32688
32686
32682
32671
32669
32669
32667
32667
32661
32659
32659
32655
32654
32651
32649
32647
32644
32643
32635
32625
32621
32621
32618
32607
32606
32605
32601
32601
32594
32582
32581
32580
32577
32573
32570
32569
32563
32557
32548
32541
32530
32527
32526
32526
32526
32524
32522
32522
32520
32518
32518
32512
32505
32503
32500
32500
32497
32496
32494
32490
32469
32465
32460
32451
32445
32443
32439
32424
32417
32415
32413
32411
32410
32409
32408
32400
32387
32385
32384
32382
32379
32370
32368
32365
32359
32359
32356
32355
32354
32352
32349
32348
32348
32345
32345
32333
32331
32328
32325
32324
32322
32308
32305
32297
32296
32296
32293
32290
32289
32286
32270
32269
32256
32255
32255
32254
32253
32245
32240
32236
32232
32232
32228
32222
32220
32220
32219
32215
32202
32200
32190
32184
32183
32171
32153
32146
32144
32144
32142
32140
32139
32137
32136
32135
32135
32129
32127
32127
32122
32118
32114
32113
32111
32111
32105
32099
32099
32097
32082
32081
32080
32076
32073
32072
32070
32066
32063
32054
32052
32052
32050
32048
32045
32039
32024
32020
32015
32011
32009
32007
32004
32003
32001
32000
31996
31990
31990
31988
31987
31986
31980
31978
31978
31978
31978
31976
31974
31967
31962
31961
31959
31956
31954
31952
31948
31945
31940
31938
31937
31933
31933
31926
31917
31906
31903
31895
31890
31888
31886
31885
31881
31875
31869
31868
31862
31860
31859
31856
31853
31852
31849
31844
31843
31834
31831
31829
31826
31825
31824
31822
31819
31818
31815
31810
31810
31808
31802
31801
31801
31796
31775
31771
31766
31766
31764
31763
31762
31750
31745
31739
31739
31737
31736
31729
31721
31718
31711
31709
31708
31707
31707
31706
31706
31705
31705
31702
31698
31694
31691
31688
31687
31686
31686
31682
31677
31676
31674
31673
31670
31669
31661
31660
31657
31657
31653
31653
31646
31629
31626
31615
31614
31613
31599
31598
31591
31588
31583
31581
31579
31576
31572
31568
31564
31562
31555
31554
31547
31546
31543
31541
31536
31534
31534
31533
31531
31527
31525
31523
31523
31521
31517
31512
31512
31511
31507
31507
31503
31502
31500
31494
31493
31492
31490
31484
31484
31484
31483
31483
31476
31475
31471
31470
31469
31467
31465
31464
31462
31462
31461
31458
31458
31457
31456
31450
31450
31448
31447
31443
31443
31439
31435
31435
31432
31429
31419
31418
31416
31414
31413
31395
31391
31389
31386
31380
31374
31371
31370
31370
31366
31364
31363
31357
31356
31355
31353
31344
31342
31341
31339
31338
31337
31330
31329
31329
31318
31317
31313
31311
31306
31305
31302
31300
31299
31290
31288
31277
31270
31269
31267
31265
31260
31250
31249
31247
31245
31239
31238
31236
31235
31233
31233
31220
31219
31216
31216
31215
31215
31215
31213
31212
31210
31201
31199
31198
31198
31196
31195
31190
31190
31187
31178
31173
31171
31169
31162
31154
31154
31148
31147
31145
31145
31141
31137
31137
31137
31135
31130
31126
31124
31123
31117
31116
31108
31107
31101
31101
31091
31087
31087
31086
31074
31073
31066
31062
31059
31057
31054
31054
31053
31050
31049
31048
31043
31041
31040
31037
31030
31030
31025
31023
31023
31015
31014
31011
31010
31004
31002
30996
30995
30993
30991
30991
30987
30982
30981
30975
30971
30966
30966
30964
30963
30963
30961
30959
30958
30957
30956
30955
30954
30952
30947
30940
30937
30934
30934
30922
30916
30914
30913
30910
30910
30909
30906
30905
30905
30899
30895
30891
30889
30889
30888
30887
30885
30880
30876
30866
30860
30845
30842
30832
30832
30827
30827
30820
30816
30816
30814
30807
30803
30798
30795
30779
30772
30769
30766
30757
30756
30756
30751
30748
30742
30740
30735
30733
30733
30732
30731
30729
30728
30727
30720
30716
30716
30712
30709
30704
30704
30702
30699
30697
30690
30689
30679
30677
30673
30673
30665
30661
30660
30647
30647
30641
30634
30628
30621
30614
30609
30605
30598
30596
30590
30589
30587
30586
30584
30582
30581
30580
30580
30573
30571
30569
30566
30560
30557
30554
30554
30551
30547
30541
30541
30538
30537
30532
30531
30521
30520
30520
30515
30514
30514
30510
30503
30500
30485
30484
30482
30478
30478
30476
30470
30469
30467
30461
30458
30456
30455
30455
30453
30452
30451
30441
30441
30439
30434
30432
30422
30422
30419
30417
30416
30416
30410
30409
30409
30404
30398
30396
30396
30386
30384
30383
30382
30379
30378
30362
30362
30362
30359
30357
30355
30355
30352
30348
30347
30343
30341
30339
30338
30334
30329
30326
30322
30319
30316
30298
30291
30290
30288
30287
30279
30277
30274
30266
30259
30256
30256
30253
30253
30253
30249
30246
30241
30232
30231
30230
30229
30220
30214
30204
30203
30203
30187
30184
30181
30180
30178
30177
30176
30176
30171
30164
30162
30160
30160
30155
30135
30132
30131
30129
30128
30128
30128
30128
30123
30118
30117
30117
30114
30102
30102
30099
30096
30093
30092
30091
30077
30075
30071
30071
30066
30062
30056
30053
30050
30050
30050
30047
30044
30036
30026
30021
30018
30016
29993
29989
29982
29977
29975
29973
29969
29969
29969
29966
29965
29964
29962
29959
29956
29949
29946
29946
29931
29927
29926
29923
29921
29921
29919
29919
29913
29900
29899
29896
29894
29893
29893
29892
29885
29875
29875
29873
29870
29870
29869
29866
29863
29859
29856
29853
29852
29847
29836
29832
29831
29825
29823
29817
29806
29805
29802
29800
29797
29795
29792
29785
29783
29783
29782
29782
29778
29777
29776
29775
29773
29770
29769
29764
29764
29762
29758
29754
29752
29752
29750
29747
29744
29740
29733
29730
29729
29725
29723
29722
29720
29718
29712
29712
29712
29702
29699
29696
29689
29687
29687
29684
29676
29676
29674
29674
29671
29663
29655
29654
29651
29649
29647
29643
29642
29637
29636
29634
29632
29632
29632
29632
29629
29617
29613
29603
29602
29599
29596
29594
29593
29591
29588
29587
29586
29583
29578
29575
29564
29563
29562
29560
29552
29551
29551
29548
29546
29543
29541
29538
29536
29536
29531
29528
29527
29516
29516
29514
29513
29508
29507
29506
29504
29500
29499
29499
29495
29492
29491
29489
29482
29478
29474
29474
29473
29470
29468
29466
29453
29448
29447
29447
29445
29440
29438
29434
29431
29429
29429
29428
29427
29426
29425
29420
29419
29410
29407
29398
29396
29391
29382
29379
29375
29371
29365
29365
29359
29359
29357
29357
29356
29354
29347
29339
29335
29335
29334
29323
29322
29315
29315
29315
29315
29306
29299
29297
29289
29281
29275
29266
29265
29262
29260
29258
29255
29252
29252
29251
29250
29250
29249
29241
29236
29231
29230
29226
29226
29223
29219
29218
29216
29214
29214
29213
29210
29206
29205
29204
29204
29201
29200
29199
29196
29196
29195
29189
29185
29170
29166
29160
29159
29158
29155
29153
29145
29144
29143
29139
29139
29134
29133
29130
29129
29125
29124
29120
29119
29117
29117
29116
29108
29108
29107
29104
29098
29095
29093
29090
29089
29084
29081
29078
29077
29077
29075
29075
29074
29069
29067
29067
29063
29061
29059
29056
29048
29035
29034
29033
29027
29014
29009
29000
28998
28993
28992
28992
28982
28976
28974
28969
28965
28964
28962
28960
28959
28946
28944
28944
28936
28925
28924
28922
28921
28921
28914
28913
28903
28903
28902
28900
28897
28896
28896
28896
28895
28891
28883
28880
28876
28872
28872
28867
28860
28855
28853
28850
28849
28839
28837
28835
28832
28831
28828
28814
28813
28813
28808
28806
28799
28795
28794
28787
28785
28784
28783
28782
28781
28779
28771
28770
28764
28757
28752
28750
28747
28747
28745
28744
28743
28729
28728
28723
28711
28711
28701
28698
28692
28689
28686
28685
28684
28683
28680
28676
28669
28664
28658
28658
28654
28652
28649
28646
28644
28641
28640
28632
28631
28630
28630
28629
28626
28618
28614
28613
28610
28608
28603
28603
28600
28599
28596
28595
28594
28593
28592
28587
28585
28580
28577
28576
28574
28570
28570
28561
28557
28556
28555
28553
28552
28548
28547
28534
28530
28530
28530
28523
28522
28520
28519
28513
28508
28508
28498
28497
28491
28490
28486
28482
28477
28474
28473
28469
28469
28468
28453
28453
28452
28444
28436
28431
28427
28424
28419
28419
28413
28412
28408
28396
28393
28392
28385
28384
28382
28379
28363
28362
28356
28352
28350
28350
28348
28344
28343
28342
28336
28330
28322
28314
28308
28307
28306
28304
28303
28303
28297
28292
28290
28286
28276
28263
28249
28246
28243
28228
28226
28226
28225
28222
28222
28221
28218
28213
28212
28212
28206
28199
28194
28192
28186
28185
28184
28180
28175
28175
28173
28169
28157
28153
28153
28142
28141
28140
28138
28138
28135
28133
28133
28118
28113
28112
28112
28111
28109
28107
28104
28104
28103
28101
28100
28090
28084
28083
28082
28080
28080
28072
28069
28065
28065
28065
28063
28062
28059
28056
28051
28044
28043
28033
28028
28025
28024
28023
28021
28019
28019
28018
28017
28015
28008
28002
28000
28000
27996
27995
27986
27983
27975
27974
27966
27965
27962
27962
27959
27955
27952
27945
27934
27932
27931
27924
27923
27921
27919
27913
27908
27908
27902
27901
27890
27889
27888
27887
27884
27881
27880
27879
27875
27873
27870
27870
27867
27866
27861
27859
27857
27855
27852
27849
27849
27839
27832
27832
27829
27827
27824
27818
27816
27810
27808
27805
27802
27801
27800
27798
27793
27791
27788
27784
27783
27779
27775
27774
27768
27764
27763
27760
27753
27748
27743
27743
27735
27733
27728
27722
27718
27711
27710
27708
27708
27707
27706
27702
27701
27698
27698
27696
27696
27694
27686
27681
27677
27673
27663
27657
27656
27655
27655
27654
27648
27641
27636
27636
27624
27612
27611
27609
27607
27605
27604
27603
27601
27600
27599
27598
27597
27592
27591
27567
27564
27563
27557
27556
27552
27547
27546
27534
27521
27520
27515
27508
27507
27503
27500
27498
27493
27486
27472
27467
27461
27461
27455
27455
27452
27451
27451
27450
27444
27441
27439
27435
27434
27433
27425
27424
27424
27424
27423
27412
27392
27388
27385
27382
27367
27367
27365
27361
27360
27360
27353
27352
27346
27338
27336
27332
27326
27320
27320
27319
27306
27304
27303
27301
27292
27288
27287
27286
27283
27281
27281
27281
27278
27275
27275
27269
27259
27255
27252
27247
27246
27242
27241
27240
27239
27219
27216
27214
27211
27211
27208
27208
27207
27207
27204
27201
27197
27190
27190
27189
27188
27186
27182
27181
27181
27180
27176
27174
27169
27165
27163
27154
27151
27151
27144
27144
27140
27139
27133
27125
27124
27123
27118
27107
27100
27099
27089
27087
27085
27081
27072
27071
27070
27066
27063
27056
27052
27048
27046
27027
27018
27010
27009
27005
27003
27002
27001
26997
26996
26994
26994
26993
26993
26985
26984
26975
26968
26966
26965
26957
26957
26950
26943
26939
26939
26936
26936
26936
26929
26898
26898
26897
26896
26879
26878
26877
26875
26871
26869
26868
26868
26866
26865
26858
26856
26850
26845
26843
26841
26837
26835
26829
26826
26826
26825
26822
26820
26818
26816
26813
26811
26809
26808
26808
26797
26794
26785
26782
26782
26781
26779
26771
26768
26761
26761
26758
26744
26743
26739
26735
26734
26734
26730
26730
26729
26729
26720
26718
26717
26715
26711
26705
26701
26696
26687
26682
26672
26666
26662
26660
26659
26657
26644
26639
26638
26636
26634
26627
26627
26621
26620
26608
26601
26595
26593
26592
26591
26588
26585
26585
26578
26576
26571
26571
26570
26563
26561
26557
26557
26551
26548
26544
26542
26536
26536
26525
26518
26512
26510
26510
26506
26501
26501
26496
26494
26492
26492
26488
26486
26483
26479
26479
26475
26470
26468
26463
26461
26456
26455
26455
26452
26451
26449
26446
26443
26440
26437
26436
26432
26430
26413
26406
26404
26390
26385
26384
26383
26382
26381
26380
26379
26376
26375
26374
26373
26368
26361
26361
26358
26358
26354
26347
26346
26345
26344
26338
26334
26329
26327
26327
26326
26323
26322
26313
26310
26310
26306
26304
26292
26291
26289
26286
26281
26274
26273
26271
26261
26258
26257
26248
26246
26246
26246
26245
26242
26240
26238
26237
26235
26232
26230
26226
26223
26216
26214
26212
26210
26209
26200
26197
26190
26187
26186
26185
26175
26173
26170
26166
26164
26164
26162
26158
26156
26153
26138
26132
26129
26128
26121
26117
26117
26116
26115
26114
26107
26105
26104
26102
26096
26096
26095
26095
26092
26081
26079
26079
26076
26066
26064
26064
26063
26063
26060
26056
26054
26054
26050
26050
26028
26028
26026
26025
26021
26020
26018
26016
26010
26008
26008
26005
26005
26003
26002
25995
25993
25975
25973
25966
25965
25961
25951
25951
25950
25950
25946
25943
25940
25934
25926
25926
25924
25922
25920
25919
25918
25917
25917
25917
25909
25908
25907
25907
25906
25904
25898
25892
25891
25888
25888
25876
25860
25859
25859
25856
25855
25851
25845
25844
25843
25842
25840
25836
25834
25833
25831
25824
25818
25817
25816
25810
25805
25804
25803
25796
25790
25789
25788
25778
25775
25770
25767
25763
25763
25758
25755
25754
25754
25752
25750
25749
25746
25744
25743
25737
25735
25734
25731
25728
25723
25716
25704
25700
25698
25694
25693
25693
25689
25688
25683
25680
25675
25674
25671
25663
25660
25660
25657
25656
25648
25644
25641
25629
25628
25628
25627
25622
25621
25616
25612
25608
25607
25607
25602
25600
25599
25595
25589
25583
25581
25578
25575
25574
25573
25568
25568
25567
25566
25565
25564
25561
25560
25546
25544
25544
25538
25529
25528
25523
25523
25522
25522
25521
25519
25516
25512
25512
25510
25508
25506
25505
25502
25497
25497
25496
25493
25489
25487
25484
25476
25468
25462
25460
25460
25460
25457
25453
25450
25439
25435
25433
25432
25430
25427
25426
25422
25418
25414
25409
25406
25402
25400
25396
25394
25394
25390
25385
25379
25376
25373
25361
25360
25356
25355
25353
25345
25337
25336
25336
25330
25329
25328
25328
25326
25326
25326
25325
25318
25312
25307
25298
25296
25293
25291
25291
25284
25283
25282
25272
25271
25267
25266
25264
25263
25263
25263
25260
25257
25253
25253
25252
25248
25247
25247
25246
25246
25242
25240
25236
25236
25233
25231
25231
25223
25211
25209
25209
25208
25201
25198
25198
25197
25196
25196
25184
25177
25175
25171
25170
25168
25163
25163
25159
25156
25154
25152
25148
25147
25146
25145
25142
25127
25125
25118
25116
25114
25108
25100
25095
25093
25089
25088
25086
25083
25083
25077
25071
25066
25064
25055
25049
25049
25049
25047
25045
25044
25038
25034
25033
25031
25031
25027
25013
25012
25011
25010
25010
25008
25007
25005
25003
24996
24984
24983
24983
24976
24969
24966
24948
24947
24947
24938
24935
24931
24930
24930
24924
24915
24912
24911
24906
24904
24904
24903
24901
24900
24886
24882
24881
24881
24879
24868
24866
24865
24858
24851
24850
24847
24846
24844
24842
24838
24837
24835
24834
24825
24824
24816
24814
24813
24812
24811
24811
24809
24808
24805
24802
24799
24798
24792
24790
24790
24788
24786
24783
24783
24779
24778
24777
24777
24775
24763
24763
24761
24761
24759
24756
24754
24754
24752
24751
24744
24742
24739
24738
24735
24734
24729
24727
24715
24713
24711
24707
24704
24698
24697
24686
24684
24682
24678
24676
24676
24673
24673
24665
24662
24655
24654
24651
24651
24637
24631
24631
24627
24627
24624
24624
24619
24619
24618
24608
24598
24597
24593
24593
24592
24588
24585
24584
24582
24582
24582
24580
24575
24572
24562
24554
24551
24543
24537
24536
24534
24531
24529
24523
24521
24516
24516
24515
24508
24503
24502
24501
24499
24497
24493
24491
24491
24489
24489
24487
24486
24472
24466
24459
24458
24457
24449
24447
24444
24444
24438
24437
24434
24432
24429
24427
24422
24420
24417
24416
24415
24415
24413
24410
24409
24405
24402
24401
24399
24395
24391
24390
24384
24384
24382
24381
24379
24378
24377
24375
24370
24360
24352
24349
24340
24340
24337
24336
24336
24336
24333
24332
24325
24320
24310
24310
24306
24305
24304
24297
24295
24291
24287
24285
24283
24280
24268
24268
24266
24264
24258
24255
24252
24252
24251
24250
24242
24240
24236
24230
24228
24227
24217
24214
24213
24209
24209
24201
24201
24196
24196
24192
24188
24185
24182
24177
24170
24170
24169
24167
24156
24153
24152
24151
24147
24143
24142
24141
24140
24138
24136
24128
24127
24124
24121
24115
24114
24097
24092
24087
24085
24085
24080
24075
24075
24074
24062
24061
24054
24053
24052
24052
24050
24041
24039
24039
24038
24030
24019
24017
24012
24009
24004
24002
23999
23994
23994
23991
23986
23983
23982
23981
23979
23977
23977
23974
23973
23969
23968
23966
23959
23952
23946
23941
23940
23939
23936
23933
23928
23927
23918
23918
23910
23896
23896
23892
23890
23883
23880
23876
23872
23870
23869
23869
23864
23862
23861
23861
23853
23852
23850
23850
23846
23845
23844
23842
23841
23841
23839
23837
23835
23831
23830
23829
23829
23826
23823
23812
23805
23804
23802
23800
23798
23795
23788
23785
23785
23780
23780
23779
23776
23776
23764
23762
23760
23751
23751
23749
23746
23742
23737
23734
23732
23732
23730
23728
23726
23724
23723
23721
23720
23719
23717
23717
23700
23691
23684
23681
23663
23662
23658
23642
23637
23636
23628
23625
23620
23614
23614
23611
23609
23607
23607
23604
23602
23602
23601
23598
23593
23593
23591
23590
23581
23571
23570
23568
23564
23564
23562
23560
23557
23556
23553
23547
23535
23534
23533
23523
23522
23517
23515
23507
23504
23503
23500
23494
23493
23493
23489
23487
23486
23486
23483
23482
23476
23475
23474
23473
23466
23465
23464
23464
23460
23456
23455
23454
23453
23444
23437
23429
23424
23410
23409
23402
23400
23398
23397
23394
23394
23393
23392
23390
23387
23383
23381
23379
23364
23356
23353
23352
23351
23346
23345
23338
23337
23337
23334
23333
23329
23327
23324
23316
23313
23313
23312
23308
23303
23303
23298
23293
23290
23284
23281
23280
23279
23274
23273
23273
23270
23269
23265
23263
23253
23253
23252
23252
23252
23250
23249
23249
23246
23239
23235
23234
23232
23232
23221
23221
23218
23213
23211
23210
23208
23204
23187
23184
23179
23176
23174
23174
23170
23165
23151
23151
23148
23142
23139
23137
23135
23134
23128
23127
23121
23119
23113
23108
23104
23100
23095
23095
23093
23093
23093
23092
23090
23087
23086
23082
23081
23076
23075
23074
23073
23069
23063
23063
23062
23053
23047
23047
23042
23041
23038
23037
23036
23036
23035
23030
23027
23023
23022
23021
23018
23016
23014
23013
23005
22999
22996
22996
22995
22994
22994
22990
22983
22982
22982
22980
22979
22978
22977
22967
22965
22964
22961
22960
22951
22947
22947
22943
22939
22932
22931
22924
22920
22912
22911
22903
22900
22897
22893
22892
22891
22890
22888
22888
22884
22882
22882
22880
22872
22871
22861
22858
22857
22843
22843
22841
22839
22834
22831
22829
22826
22826
22825
22819
22818
22813
22812
22810
22809
22809
22800
22796
22789
22787
22785
22783
22782
22779
22778
22776
22770
22767
22767
22763
22763
22763
22762
22750
22749
22746
22742
22741
22740
22738
22737
22736
22734
22734
22734
22729
22727
22725
22722
22721
22718
22717
22705
22702
22695
22692
22691
22687
22685
22674
22674
22673
22673
22670
22668
22668
22664
22658
22651
22649
22648
22642
22641
22640
22639
22635
22631
22630
22627
22621
22613
22611
22611
22611
22609
22607
22606
22602
22602
22597
22593
22592
22592
22589
22589
22586
22576
22575
22569
22567
22566
22560
22558
22555
22540
22540
22537
22536
22534
22528
22524
22522
22520
22518
22516
22515
22515
22510
22510
22507
22507
22507
22505
22505
22499
22495
22493
22491
22488
22479
22475
22472
22468
22466
22463
22463
22463
22459
22456
22454
22453
22449
22442
22441
22441
22441
22435
22425
22421
22417
22415
22414
22408
22408
22405
22404
22402
22398
22394
22389
22385
22384
22377
22376
22371
22370
22369
22366
22361
22360
22350
22350
22350
22347
22343
22337
22335
22331
22330
22327
22327
22326
22324
22315
22313
22308
22307
22306
22305
22304
22301
22296
22296
22293
22293
22288
22273
22266
22265
22263
22263
22261
22260
22257
22255
22251
22249
22248
22248
22243
22240
22234
22231
22222
22222
22221
22217
22215
22213
22212
22211
22208
22206
22185
22181
22178
22177
22166
22158
22151
22148
22143
22143
22142
22139
22133
22121
22121
22118
22117
22114
22114
22111
22106
22105
22100
22100
22096
22095
22093
22086
22083
22083
22078
22077
22076
22069
22066
22064
22061
22060
22060
22056
22054
22053
22052
22051
22048
22046
22043
22041
22038
22037
22036
22030
22025
22021
22021
22020
22015
22009
22009
22009
22008
22005
22003
21996
21995
21994
21993
21987
21987
21987
21985
21980
21979
21977
21975
21963
21959
21959
21958
21956
21953
21947
21947
21945
21939
21938
21936
21933
21931
21927
21925
21922
21918
21916
21914
21914
21913
21906
21903
21890
21880
21878
21869
21864
21864
21863
21862
21861
21859
21859
21857
21850
21846
21845
21844
21841
21832
21829
21820
21816
21815
21811
21811
21794
21794
21780
21772
21767
21762
21757
21756
21747
21740
21733
21733
21732
21728
21725
21721
21720
21720
21718
21715
21713
21712
21698
21697
21696
21691
21691
21688
21685
21676
21675
21662
21655
21655
21652
21651
21651
21651
21650
21648
21644
21642
21641
21636
21634
21630
21626
21625
21622
21620
21619
21618
21616
21616
21607
21601
21598
21595
21592
21592
21590
21590
21588
21583
21582
21582
21580
21577
21574
21574
21573
21568
21567
21556
21553
21553
21552
21550
21521
21514
21512
21510
21507
21505
21503
21503
21502
21499
21498
21496
21493
21488
21483
21482
21479
21477
21475
21472
21469
21469
21464
21464
21463
21463
21462
21462
21460
21458
21455
21453
21439
21433
21428
21426
21425
21416
21416
21414
21413
21410
21400
21396
21393
21393
21392
21387
21387
21384
21380
21378
21373
21367
21366
21363
21359
21354
21351
21351
21349
21339
21335
21334
21333
21329
21326
21319
21318
21311
21310
21307
21307
21302
21297
21288
21281
21273
21269
21268
21265
21258
21255
21251
21242
21241
21239
21238
21237
21227
21227
21226
21225
21213
21208
21201
21198
21193
21191
21190
21182
21178
21168
21165
21164
21160
21150
21145
21143
21143
21134
21134
21133
21132
21130
21129
21128
21127
21123
21120
21119
21110
21108
21094
21093
21090
21090
21088
21087
21081
21076
21063
21062
21060
21053
21041
21040
21036
21031
21031
21026
21023
21020
21015
21007
21006
21006
21004
20998
20997
20995
20994
20993
20988
20982
20973
20970
20970
20968
20966
20965
20960
20956
20948
20947
20946
20936
20927
20922
20921
20920
20919
20915
20912
20910
20908
20906
20888
20885
20877
20873
20872
20869
20863
20862
20859
20858
20850
20850
20849
20846
20844
20842
20840
20838
20837
20836
20829
20826
20822
20818
20818
20817
20816
20813
20809
20807
20803
20803
20802
20797
20792
20792
20787
20782
20782
20777
20776
20769
20766
20764
20762
20762
20756
20755
20753
20753
20751
20749
20747
20734
20733
20731
20730
20722
20722
20721
20710
20701
20698
20682
20677
20677
20677
20676
20673
20671
20670
20669
20666
20657
20654
20650
20649
20643
20639
20638
20636
20632
20628
20619
20617
20616
20615
20612
20610
20603
20600
20599
20596
20595
20592
20587
20578
20576
20572
20564
20561
20559
20559
20555
20554
20553
20553
20550
20549
20547
20545
20544
20544
20542
20539
20537
20535
20533
20530
20528
20527
20523
20517
20516
20513
20510
20509
20505
20503
20500
20497
20490
20489
20485
20485
20480
20474
20469
20469
20467
20464
20462
20459
20457
20456
20449
20446
20437
20437
20428
20419
20417
20417
20416
20413
20400
20395
20394
20393
20392
20389
20386
20373
20362
20359
20359
20347
20346
20341
20328
20328
20327
20325
20317
20315
20312
20311
20308
20308
20307
20307
20296
20292
20290
20289
20287
20284
20281
20281
20279
20273
20270
20270
20253
20250
20250
20250
20250
20248
20248
20243
20238
20237
20227
20227
20226
20223
20217
20215
20214
20212
20211
20210
20205
20205
20197
20195
20195
20190
20183
20178
20175
20171
20168
20159
20157
20153
20146
20141
20137
20129
20126
20124
20121
20118
20116
20114
20114
20113
20111
20108
20105
20098
20084
20081
20080
20078
20071
20062
20061
20061
20058
20057
20056
20054
20053
20051
20049
20048
20041
20041
20038
20037
20033
20032
20026
20023
20010
20009
20006
20002
20002
19996
19994
19993
19992
19991
19988
19979
19977
19976
19973
19969
19968
19962
19951
19951
19951
19949
19949
19947
19940
19938
19937
19930
19928
19927
19926
19921
19921
19921
19920
19920
19919
19918
19918
19914
19913
19911
19909
19903
19902
19901
19894
19893
19892
19891
19886
19884
19883
19881
19876
19872
19870
19859
19858
19857
19840
19838
19837
19834
19829
19828
19819
19818
19816
19811
19811
19810
19806
19806
19804
19803
19803
19797
19792
19791
19788
19788
19787
19785
19779
19778
19775
19775
19771
19771
19760
19759
19758
19753
19749
19744
19741
19736
19735
19727
19714
19707
19707
19707
19704
19697
19692
19692
19683
19681
19672
19669
19669
19663
19660
19658
19658
19657
19654
19646
19640
19638
19637
19636
19636
19633
19628
19626
19625
19620
19618
19617
19616
19610
19609
19609
19608
19601
19601
19592
19591
19589
19587
19585
19585
19583
19579
19574
19573
19572
19566
19561
19555
19555
19552
19551
19550
19550
19549
19547
19540
19533
19531
19530
19527
19525
19522
19521
19520
19519
19514
19509
19509
19509
19508
19506
19506
19505
19496
19496
19491
19480
19479
19473
19470
19469
19464
19454
19447
19444
19441
19439
19435
19432
19427
19421
19415
19405
19405
19398
19397
19393
19389
19382
19377
19374
19371
19371
19370
19369
19367
19363
19361
19361
19359
19352
19350
19348
19343
19331
19329
19329
19326
19321
19321
19315
19313
19310
19308
19305
19303
19302
19297
19296
19295
19294
19289
19279
19276
19275
19260
19260
19257
19254
19250
19247
19242
19242
19238
19236
19235
19232
19231
19230
19228
19228
19224
19221
19220
19217
19216
19206
19204
19203
19201
19193
19185
19180
19179
19179
19172
19169
19166
19165
19160
19158
19156
19155
19154
19149
19148
19145
19137
19130
19124
19121
19114
19111
19111
19108
19094
19094
19092
19092
19091
19090
19090
19089
19085
19085
19084
19083
19080
19078
19078
19077
19074
19069
19067
19065
19064
19062
19057
19046
19044
19043
19039
19039
19038
19030
19017
19012
19007
19007
19004
18999
18996
18996
18995
18985
18980
18978
18974
18973
18971
18966
18963
18961
18956
18950
18950
18945
18942
18939
18938
18936
18935
18931
18928
18927
18920
18917
18916
18913
18905
18899
18895
18895
18893
18892
18880
18877
18874
18871
18871
18869
18862
18853
18850
18849
18849
18845
18840
18836
18834
18834
18831
18830
18827
18822
18822
18817
18814
18813
18812
18807
18807
18793
18784
18783
18782
18781
18780
18779
18777
18776
18772
18772
18771
18770
18762
18760
18757
18753
18752
18748
18741
18737
18732
18727
18717
18694
18693
18691
18683
18671
18669
18667
18653
18648
18645
18640
18632
18631
18631
18624
18623
18621
18612
18612
18607
18605
18599
18595
18595
18594
18591
18589
18586
18585
18585
18585
18575
18575
18575
18574
18567
18563
18554
18551
18551
18546
18544
18542
18528
18525
18522
18520
18519
18517
18515
18513
18511
18511
18510
18508
18504
18502
18496
18487
18486
18480
18479
18475
18474
18474
18472
18467
18464
18464
18464
18463
18461
18459
18452
18449
18447
18447
18446
18439
18436
18436
18430
18424
18422
18418
18415
18413
18409
18408
18407
18406
18403
18397
18391
18390
18388
18378
18376
18370
18364
18362
18355
18353
18352
18349
18346
18338
18336
18335
18334
18333
18333
18326
18325
18324
18313
18302
18300
18300
18297
18296
18288
18288
18284
18282
18282
18282
18276
18275
18273
18272
18258
18257
18257
18256
18254
18250
18245
18245
18242
18242
18239
18239
18235
18232
18226
18225
18223
18217
18216
18211
18204
18201
18201
18199
18199
18197
18190
18189
18185
18182
18182
18180
18176
18173
18164
18160
18157
18155
18153
18153
18148
18138
18129
18129
18129
18127
18127
18123
18122
18117
18109
18108
18107
18099
18095
18090
18084
18083
18083
18079
18070
18069
18067
18060
18060
18057
18055
18034
18028
18028
18025
18020
18020
18019
18015
18015
18006
18004
18001
18000
17999
17997
17992
17990
17984
17984
17981
17975
17973
17961
17960
17960
17960
17950
17944
17931
17929
17923
17922
17921
17920
17918
17904
17902
17897
17897
17896
17893
17892
17887
17883
17879
17874
17874
17872
17869
17867
17862
17855
17848
17836
17832
17824
17822
17821
17814
17814
17806
17794
17792
17789
17784
17782
17781
17778
17776
17774
17771
17769
17765
17765
17760
17758
17757
17756
17755
17752
17743
17740
17732
17731
17727
17725
17722
17721
17717
17707
17700
17689
17688
17687
17685
17679
17669
17669
17661
17661
17658
17649
17641
17638
17638
17626
17625
17618
17617
17615
17615
17612
17612
17606
17603
17597
17596
17591
17587
17580
17576
17573
17570
17568
17564
17561
17559
17556
17552
17550
17549
17543
17539
17537
17530
17529
17524
17524
17523
17522
17520
17511
17507
17503
17503
17498
17495
17491
17480
17474
17470
17463
17460
17459
17457
17457
17453
17453
17448
17448
17448
17447
17443
17439
17439
17439
17438
17437
17434
17432
17430
17424
17422
17422
17417
17407
17399
17397
17396
17394
17392
17390
17389
17384
17381
17370
17365
17362
17358
17335
17327
17327
17324
17319
17317
17317
17316
17312
17311
17295
17295
17285
17285
17284
17284
17279
17271
17263
17262
17260
17259
17256
17250
17249
17247
17243
17238
17230
17229
17224
17219
17216
17206
17203
17201
17197
17194
17190
17180
17177
17170
17164
17163
17162
17157
17154
17148
17146
17144
17124
17122
17120
17119
17118
17116
17115
17114
17107
17104
17101
17100
17093
17091
17079
17074
17072
17067
17062
17058
17058
17057
17053
17039
17034
17031
17027
17027
17020
17018
17016
17011
17007
17003
17001
16998
16997
16996
16992
16992
16990
16987
16985
16984
16982
16981
16969
16962
16960
16958
16957
16952
16951
16951
16946
16945
16944
16939
16938
16937
16935
16931
16919
16918
16916
16915
16911
16902
16898
16894
16882
16879
16877
16875
16871
16870
16866
16866
16866
16863
16861
16858
16857
16855
16850
16850
16846
16843
16834
16830
16829
16829
16825
16825
16821
16820
16817
16816
16814
16806
16805
16798
16784
16780
16776
16763
16757
16754
16750
16744
16741
16741
16740
16734
16729
16729
16727
16726
16720
16718
16711
16711
16709
16709
16701
16694
16687
16676
16673
16669
16668
16668
16653
16653
16652
16643
16642
16641
16639
16639
16634
16633
16628
16626
16625
16616
16615
16609
16606
16605
16594
16586
16586
16582
16576
16575
16573
16573
16568
16559
16557
16549
16544
16539
16527
16522
16519
16517
16516
16510
16506
16502
16498
16497
16497
16497
16494
16490
16490
16489
16486
16483
16481
16477
16472
16469
16466
16465
16462
16461
16454
16453
16450
16450
16440
16436
16433
16430
16427
16423
16416
16414
16409
16409
16406
16404
16403
16400
16390
16382
16379
16377
16364
16364
16359
16357
16357
16349
16344
16340
16337
16330
16328
16319
16318
16317
16316
16314
16313
16310
16307
16305
16296
16292
16291
16288
16284
16283
16283
16283
16282
16276
16276
16273
16270
16268
16267
16259
16257
16243
16240
16240
16238
16237
16230
16230
16226
16224
16208
16207
16202
16202
16201
16194
16190
16187
16185
16185
16182
16180
16173
16170
16169
16169
16168
16164
16164
16163
16153
16146
16144
16142
16137
16137
16137
16135
16132
16128
16126
16125
16122
16112
16110
16107
16104
16101
16097
16096
16096
16095
16094
16093
16091
16090
16088
16079
16078
16077
16073
16070
16066
16064
16063
16063
16059
16056
16052
16051
16046
16045
16044
16043
16037
16034
16032
16032
16023
16022
16018
16017
16017
16017
16011
16008
16008
16002
16001
16000
16000
16000
16000
15999
15996
15993
15987
15982
15978
15975
15970
15969
15968
15962
15961
15961
15959
15953
15949
15945
15934
15927
15926
15919
15919
15913
15911
15908
15900
15897
15896
15895
15883
15883
15879
15871
15870
15869
15869
15866
15862
15856
15852
15845
15844
15843
15842
15840
15840
15836
15830
15830
15824
15821
15821
15820
15819
15817
15812
15805
15803
15802
15799
15798
15797
15795
15788
15786
15785
15784
15783
15782
15778
15776
15772
15771
15765
15760
15759
15754
15754
15751
15750
15748
15745
15737
15737
15732
15728
15727
15721
15714
15709
15706
15704
15703
15698
15697
15696
15695
15694
15687
15685
15682
15682
15676
15675
15672
15672
15660
15654
15650
15649
15649
15649
15641
15636
15629
15628
15628
15624
15603
15599
15597
15593
15592
15591
15585
15583
15570
15570
15565
15564
15562
15559
15549
15544
15540
15539
15537
15535
15534
15534
15532
15529
15514
15514
15509
15506
15504
15499
15491
15486
15486
15480
15478
15472
15466
15465
15465
15463
15462
15461
15458
15451
15449
15447
15443
15442
15441
15436
15435
15427
15421
15411
15407
15404
15401
15400
15400
15398
15398
15396
15395
15389
15386
15383
15381
15380
15377
15375
15374
15369
15367
15366
15363
15357
15351
15349
15346
15340
15336
15336
15331
15329
15325
15320
15316
15311
15310
15308
15308
15306
15306
15305
15298
15290
15289
15284
15281
15279
15278
15277
15274
15274
15270
15267
15265
15264
15259
15257
15256
15253
15248
15247
15246
15239
15235
15227
15226
15226
15223
15213
15212
15205
15204
15194
15191
15187
15184
15181
15181
15179
15167
15166
15161
15160
15155
15153
15152
15151
15147
15145
15144
15142
15139
15138
15135
15133
15132
15130
15130
15117
15113
15107
15102
15094
15088
15088
15085
15084
15081
15073
15072
15067
15066
15064
15064
15054
15053
15048
15047
15047
15047
15022
15019
15014
15013
15011
15010
15008
15008
15004
15003
14998
14997
14993
14991
14988
14987
14984
14980
14979
14974
14970
14970
14969
14966
14962
14957
14952
14951
14950
14950
14941
14941
14941
14935
14931
14923
14921
14920
14918
14913
14913
14911
14902
14901
14900
14899
14897
14896
14890
14889
14888
14888
14885
14882
14881
14880
14876
14875
14868
14856
14847
14847
14844
14843
14840
14836
14836
14834
14834
14823
14823
14821
14821
14819
14815
14813
14810
14809
14807
14806
14806
14803
14801
14798
14797
14796
14795
14795
14792
14789
14786
14782
14782
14782
14779
14777
14771
14770
14763
14760
14753
14750
14749
14748
14743
14737
14735
14734
14733
14733
14732
14726
14724
14723
14723
14722
14720
14720
14720
14713
14708
14706
14706
14705
14702
14698
14696
14692
14686
14685
14681
14681
14681
14680
14677
14673
14672
14666
14661
14659
14656
14656
14650
14644
14640
14637
14636
14636
14635
14633
14630
14629
14625
14622
14619
14618
14616
14614
14605
14598
14597
14597
14592
14591
14590
14583
14578
14571
14571
14569
14567
14566
14564
14563
14553
14553
14547
14546
14539
14534
14532
14531
14531
14529
14529
14526
14521
14515
14509
14506
14505
14495
14494
14493
14491
14488
14485
14481
14477
14476
14474
14470
14468
14464
14463
14459
14456
14446
14437
14436
14432
14424
14423
14415
14414
14414
14413
14410
14409
14406
14404
14392
14391
14390
14387
14384
14382
14380
14379
14370
14370
14361
14361
14360
14355
14348
14345
14335
14335
14332
14331
14331
14325
14321
14321
14317
14316
14314
14313
14312
14291
14290
14290
14284
14278
14274
14269
14269
14267
14266
14265
14260
14257
14252
14238
14232
14231
14231
14230
14230
14229
14223
14220
14219
14218
14214
14212
14210
14209
14209
14200
14197
14191
14184
14183
14174
14173
14168
14165
14163
14162
14161
14160
14159
14156
14155
14154
14147
14143
14143
14142
14137
14136
14134
14131
14126
14122
14118
14116
14116
14112
14112
14110
14109
14101
14101
14095
14092
14089
14085
14085
14084
14077
14068
14064
14063
14061
14060
14058
14058
14053
14052
14050
14046
14043
14038
14035
14031
14030
14030
14026
14024
14015
14013
14012
14003
14001
13997
13996
13990
13990
13989
13988
13988
13986
13986
13975
13972
13969
13969
13968
13966
13964
13959
13955
13951
13942
13940
13938
13935
13934
13932
13932
13931
13927
13926
13921
13921
13917
13913
13912
13908
13908
13906
13904
13904
13895
13891
13888
13886
13881
13881
13878
13875
13875
13872
13865
13860
13856
13855
13854
13850
13848
13847
13846
13845
13844
13839
13837
13835
13834
13824
13823
13822
13820
13818
13812
13810
13808
13806
13793
13791
13787
13784
13784
13782
13773
13767
13761
13760
13757
13742
13734
13733
13731
13730
13726
13726
13724
13721
13711
13711
13708
13703
13701
13697
13691
13679
13674
13669
13668
13668
13667
13667
13666
13660
13655
13647
13646
13642
13639
13634
13629
13624
13623
13620
13619
13618
13613
13607
13602
13597
13595
13594
13594
13591
13587
13580
13574
13564
13560
13556
13553
13552
13546
13541
13540
13538
13526
13524
13517
13515
13508
13502
13501
13501
13495
13493
13492
13485
13485
13484
13484
13483
13482
13480
13479
13475
13473
13473
13471
13470
13470
13470
13466
13465
13464
13458
13454
13453
13452
13452
13451
13451
13450
13450
13445
13444
13444
13435
13425
13421
13421
13417
13414
13413
13404
13398
13396
13391
13386
13385
13385
13383
13375
13373
13372
13366
13366
13364
13360
13360
13355
13355
13354
13349
13342
13342
13340
13339
13337
13336
13336
13329
13324
13323
13321
13315
13303
13302
13296
13292
13291
13289
13288
13287
13280
13280
13280
13279
13278
13274
13271
13261
13258
13250
13249
13240
13238
13237
13229
13229
13229
13226
13222
13219
13214
13213
13210
13206
13205
13203
13199
13196
13193
13191
13190
13184
13177
13175
13168
13164
13161
13156
13155
13155
13151
13145
13145
13141
13129
13125
13112
13109
13106
13103
13101
13100
13099
13098
13098
13097
13096
13090
13088
13088
13087
13087
13087
13087
13086
13083
13072
13071
13070
13069
13067
13062
13060
13051
13049
13041
13039
13038
13034
13032
13026
13025
13022
13014
13004
12999
12999
12992
12987
12983
12982
12978
12970
12966
12963
12963
12956
12956
12954
12952
12950
12949
12948
12941
12940
12939
12935
12933
12929
12927
12923
12921
12918
12917
12916
12915
12913
12910
12908
12900
12897
12894
12893
12891
12874
12864
12862
12858
12857
12851
12849
12846
12845
12840
12837
12834
12833
12833
12828
12828
12818
12818
12818
12818
12810
12808
12808
12808
12807
12806
12803
12801
12798
12793
12793
12785
12785
12783
12782
12780
12780
12775
12774
12768
12767
12764
12763
12758
12756
12755
12755
12752
12751
12750
12750
12744
12744
12739
12738
12736
12730
12729
12726
12725
12719
12709
12709
12707
12706
12702
12697
12697
12691
12689
12685
12685
12683
12675
12673
12668
12667
12661
12655
12655
12641
12639
12636
12634
12630
12622
12615
12614
12611
12607
12605
12602
12596
12585
12583
12580
12580
12579
12555
12553
12552
12548
12544
12530
12525
12519
12519
12518
12513
12502
12501
12500
12495
12484
12482
12481
12481
12480
12476
12470
12469
12469
12468
12465
12464
12456
12454
12454
12454
12453
12450
12449
12444
12443
12442
12438
12437
12433
12428
12423
12421
12420
12412
12410
12407
12405
12404
12403
12400
12398
12396
12393
12393
12391
12391
12389
12389
12381
12376
12375
12369
12368
12365
12364
12355
12350
12347
12343
12340
12335
12333
12332
12331
12331
12331
12328
12328
12324
12319
12318
12313
12306
12301
12297
12293
12291
12289
12288
12286
12284
12284
12280
12271
12268
12265
12264
12264
12260
12260
12253
12252
12249
12245
12244
12241
12241
12236
12225
12222
12218
12211
12210
12209
12208
12206
12201
12197
12196
12195
12195
12187
12183
12181
12181
12172
12171
12166
12163
12156
12146
12144
12133
12129
12124
12119
12117
12117
12112
12108
12108
12105
12104
12104
12101
12095
12092
12090
12087
12082
12081
12079
12078
12077
12077
12073
12069
12068
12068
12067
12061
12061
12061
12060
12060
12055
12053
12053
12048
12047
12045
12045
12037
12035
12027
12016
12013
12012
12010
12004
12001
11996
11993
11990
11989
11985
11983
11980
11978
11977
11977
11971
11971
11969
11966
11954
11948
11947
11943
11943
11940
11935
11934
11933
11931
11925
11924
11921
11921
11921
11915
11908
11906
11901
11894
11894
11892
11890
11888
11887
11885
11881
11863
11859
11857
11855
11849
11843
11842
11839
11838
11836
11830
11827
11826
11825
11822
11818
11816
11815
11813
11810
11808
11808
11806
11796
11793
11789
11784
11776
11775
11775
11774
11773
11765
11765
11763
11763
11760
11750
11749
11748
11732
11726
11722
11722
11719
11715
11713
11704
11704
11698
11697
11693
11693
11689
11688
11687
11683
11674
11669
11665
11664
11664
11662
11660
11655
11654
11651
11642
11636
11632
11631
11631
11614
11611
11609
11607
11607
11596
11596
11596
11590
11590
11586
11580
11572
11571
11563
11558
11556
11552
11550
11550
11549
11548
11547
11544
11538
11534
11534
11534
11533
11526
11522
11521
11514
11513
11512
11509
11493
11493
11488
11487
11486
11483
11479
11473
11473
11471
11461
11455
11446
11437
11436
11434
11428
11426
11420
11416
11411
11408
11406
11399
11396
11391
11391
11385
11382
11379
11373
11371
11366
11363
11360
11360
11357
11353
11341
11328
11324
11324
11320
11314
11314
11309
11304
11297
11296
11294
11294
11293
11289
11286
11285
11285
11278
11273
11269
11263
11260
11260
11259
11255
11252
11243
11230
11226
11225
11222
11209
11203
11195
11194
11193
11193
11183
11183
11179
11174
11172
11170
11169
11166
11165
11153
11151
11148
11145
11141
11140
11139
11138
11135
11132
11124
11120
11118
11117
11111
11111
11110
11108
11102
11101
11097
11094
11091
11090
11081
11077
11076
11075
11072
11066
11063
11056
11055
11053
11047
11045
11045
11040
11038
11031
11031
11027
11026
11025
11023
11020
11019
11019
11018
11017
11010
10999
10997
10994
10989
10972
10964
10958
10956
10946
10944
10942
10939
10937
10935
10935
10933
10932
10928
10922
10921
10921
10919
10917
10917
10913
10910
10908
10908
10904
10902
10900
10894
10890
10886
10881
10879
10873
10867
10866
10865
10863
10854
10852
10846
10840
10839
10839
10838
10836
10836
10829
10829
10827
10827
10826
10825
10822
10822
10821
10815
10809
10806
10806
10805
10803
10803
10778
10775
10771
10767
10765
10762
10761
10761
10759
10759
10754
10746
10744
10742
10740
10739
10737
10736
10730
10722
10720
10718
10717
10712
10705
10695
10694
10693
10692
10690
10686
10671
10669
10669
10663
10662
10653
10650
10632
10626
10622
10619
10616
10613
10608
10608
10607
10607
10606
10604
10601
10596
10596
10593
10592
10589
10589
10586
10579
10574
10570
10569
10560
10556
10555
10554
10554
10553
10549
10544
10543
10541
10528
10527
10526
10526
10518
10510
10508
10507
10507
10492
10489
10477
10472
10471
10469
10467
10465
10464
10463
10460
10458
10455
10452
10450
10447
10445
10438
10437
10436
10429
10428
10425
10419
10407
10406
10405
10401
10401
10397
10395
10392
10389
10380
10373
10370
10370
10369
10367
10362
10357
10349
10337
10336
10335
10326
10311
10310
10301
10297
10293
10292
10286
10284
10282
10282
10282
10281
10278
10278
10271
10271
10271
10270
10267
10260
10256
10253
10252
10251
10250
10243
10239
10235
10228
10224
10223
10223
10222
10221
10221
10215
10214
10209
10205
10202
10199
10199
10198
10198
10197
10197
10186
10183
10182
10177
10169
10169
10167
10166
10163
10163
10163
10160
10155
10153
10153
10143
10141
10140
10128
10127
10127
10113
10111
10106
10103
10102
10100
10099
10088
10073
10058
10057
10055
10052
10052
10049
10043
10043
10040
10039
10038
10035
10033
10032
10030
10028
10028
10026
10021
10006
10005
9999
9996
9994
9993
9985
9985
9980
9975
9973
9972
9970
9964
9955
9953
9952
9950
9944
9943
9941
9941
9940
9925
9921
9915
9915
9904
9898
9896
9887
9887
9887
9884
9881
9872
9872
9859
9853
9851
9849
9846
9844
9841
9840
9840
9837
9834
9834
9833
9832
9831
9826
9824
9824
9820
9820
9815
9813
9809
9800
9800
9799
9798
9797
9790
9787
9783
9782
9777
9769
9761
9759
9755
9749
9745
9744
9743
9739
9739
9732
9731
9726
9726
9715
9712
9710
9703
9702
9701
9699
9697
9696
9692
9691
9689
9684
9682
9680
9679
9676
9672
9669
9669
9666
9666
9665
9662
9659
9658
9654
9653
9650
9648
9647
9641
9638
9637
9636
9636
9632
9631
9626
9625
9624
9621
9610
9609
9607
9607
9603
9603
9601
9597
9583
9582
9580
9578
9574
9572
9570
9568
9562
9561
9560
9554
9550
9547
9523
9521
9520
9519
9515
9508
9503
9502
9500
9495
9491
9486
9482
9482
9482
9478
9471
9465
9461
9458
9458
9449
9440
9439
9436
9434
9434
9433
9432
9431
9429
9428
9428
9425
9419
9419
9411
9410
9408
9402
9393
9393
9391
9391
9386
9382
9378
9378
9373
9372
9369
9360
9358
9354
9353
9352
9348
9347
9341
9339
9333
9329
9327
9326
9324
9323
9316
9314
9313
9304
9291
9290
9290
9289
9263
9259
9258
9257
9257
9257
9253
9251
9249
9248
9246
9245
9242
9242
9241
9238
9238
9234
9232
9226
9223
9222
9219
9215
9212
9211
9203
9201
9200
9200
9199
9196
9195
9190
9188
9185
9184
9183
9179
9176
9174
9173
9166
9166
9165
9165
9159
9158
9156
9154
9149
9145
9144
9136
9136
9132
9131
9129
9124
9122
9120
9110
9098
9096
9090
9089
9088
9082
9079
9078
9077
9075
9068
9062
9060
9059
9056
9052
9045
9043
9042
9035
9034
9033
9030
9026
9026
9018
9014
9013
9012
9001
8999
8999
8999
8996
8996
8989
8989
8989
8988
8984
8982
8982
8976
8975
8973
8972
8962
8961
8954
8952
8947
8946
8944
8931
8929
8923
8919
8918
8917
8915
8910
8910
8906
8902
8895
8892
8878
8876
8875
8873
8873
8871
8869
8862
8861
8860
8856
8852
8849
8848
8844
8834
8828
8820
8812
8808
8806
8805
8804
8799
8799
8793
8791
8785
8785
8784
8782
8780
8773
8772
8764
8764
8763
8762
8758
8758
8758
8756
8754
8754
8744
8744
8742
8739
8729
8726
8722
8717
8716
8708
8700
8699
8698
8681
8678
8673
8655
8654
8654
8653
8651
8649
8647
8645
8644
8644
8644
8644
8641
8636
8631
8628
8628
8626
8625
8623
8623
8602
8599
8593
8581
8581
8575
8573
8573
8558
8556
8555
8554
8553
8553
8540
8536
8534
8532
8527
8522
8514
8511
8511
8509
8506
8504
8499
8497
8493
8490
8486
8484
8482
8478
8478
8469
8466
8460
8449
8447
8446
8438
8435
8434
8431
8429
8429
8427
8427
8421
8419
8418
8417
8416
8410
8409
8408
8405
8404
8404
8402
8399
8398
8397
8396
8395
8395
8392
8391
8391
8388
8387
8386
8386
8382
8378
8376
8371
8368
8366
8366
8365
8365
8362
8360
8357
8357
8349
8335
8325
8322
8312
8309
8308
8303
8303
8301
8299
8284
8284
8283
8275
8269
8269
8256
8254
8252
8251
8251
8250
8249
8246
8241
8238
8237
8235
8235
8234
8231
8227
8226
8224
8211
8207
8206
8205
8198
8197
8191
8185
8181
8175
8175
8174
8174
8173
8166
8162
8161
8158
8157
8156
8154
8151
8144
8137
8135
8128
8128
8123
8121
8113
8112
8109
8108
8108
8104
8104
8101
8098
8095
8088
8077
8077
8076
8074
8065
8063
8055
8052
8052
8042
8040
8035
8032
8028
8016
8011
8006
8006
8000
7998
7992
7991
7979
7978
7974
7974
7970
7967
7966
7958
7958
7955
7949
7944
7941
7941
7929
7927
7919
7918
7909
7906
7905
7900
7897
7897
7895
7887
7884
7883
7880
7871
7867
7867
7863
7863
7857
7853
7852
7846
7843
7837
7830
7825
7819
7818
7817
7813
7810
7809
7801
7795
7789
7786
7783
7783
7782
7780
7778
7775
7770
7769
7763
7761
7753
7746
7735
7734
7730
7730
7725
7724
7722
7718
7718
7717
7710
7705
7693
7692
7689
7687
7685
7685
7680
7675
7666
7664
7662
7660
7654
7653
7648
7648
7645
7644
7638
7633
7632
7631
7630
7627
7624
7623
7622
7621
7617
7615
7612
7611
7610
7607
7604
7603
7603
7596
7594
7592
7591
7589
7587
7587
7582
7574
7572
7567
7565
7562
7561
7560
7559
7556
7553
7552
7546
7542
7539
7537
7536
7536
7535
7535
7533
7533
7532
7529
7528
7524
7523
7521
7514
7512
7511
7511
7510
7509
7508
7508
7507
7501
7500
7497
7494
7493
7491
7480
7477
7477
7473
7471
7471
7466
7462
7458
7455
7454
7454
7445
7444
7440
7438
7434
7433
7422
7421
7420
7418
7416
7416
7415
7414
7413
7408
7405
7394
7394
7390
7388
7388
7381
7380
7378
7374
7370
7367
7366
7363
7355
7347
7342
7340
7339
7335
7332
7332
7327
7326
7324
7324
7324
7323
7320
7319
7319
7313
7313
7310
7309
7308
7307
7304
7300
7299
7297
7295
7290
7281
7269
7265
7264
7258
7256
7256
7251
7248
7238
7237
7233
7230
7230
7229
7228
7228
7228
7225
7224
7221
7220
7220
7219
7218
7215
7209
7205
7203
7200
7200
7199
7197
7192
7192
7190
7186
7185
7181
7179
7179
7178
7177
7173
7169
7162
7160
7157
7156
7155
7150
7147
7144
7144
7141
7139
7138
7132
7124
7123
7122
7122
7121
7121
7118
7108
7105
7101
7100
7099
7096
7095
7094
7084
7080
7080
7074
7073
7070
7070
7064
7062
7062
7055
7049
7047
7043
7042
7041
7038
7037
7036
7034
7032
7030
7025
7024
7023
7023
7022
7020
7020
7019
7018
7007
7007
7006
7005
7004
7003
6995
6993
6988
6984
6984
6984
6983
6976
6969
6966
6961
6948
6947
6947
6944
6943
6941
6940
6931
6921
6912
6902
6899
6896
6894
6892
6890
6889
6871
6870
6861
6851
6849
6845
6844
6843
6835
6833
6833
6833
6827
6822
6819
6818
6816
6811
6797
6795
6792
6790
6789
6789
6788
6785
6783
6779
6775
6774
6769
6769
6764
6761
6757
6756
6747
6743
6738
6735
6723
6715
6714
6714
6708
6708
6707
6707
6698
6697
6691
6691
6689
6678
6673
6672
6670
6669
6662
6657
6655
6652
6646
6645
6644
6642
6626
6620
6603
6601
6592
6581
6578
6572
6565
6562
6562
6559
6557
6546
6545
6541
6536
6536
6535
6534
6526
6522
6509
6508
6506
6506
6501
6498
6496
6491
6486
6480
6477
6469
6467
6466
6466
6466
6458
6457
6449
6449
6448
6444
6442
6438
6434
6433
6429
6425
6422
6419
6418
6415
6415
6408
6408
6407
6406
6406
6404
6403
6396
6396
6395
6393
6391
6378
6372
6369
6359
6358
6350
6349
6348
6342
6339
6338
6331
6330
6329
6328
6323
6322
6313
6311
6311
6310
6305
6301
6301
6299
6297
6294
6287
6287
6271
6264
6262
6249
6246
6245
6245
6242
6237
6236
6234
6229
6229
6228
6223
6220
6219
6210
6208
6205
6202
6197
6196
6194
6193
6193
6188
6176
6175
6169
6168
6164
6153
6139
6139
6138
6136
6133
6132
6131
6130
6122
6117
6115
6111
6110
6107
6099
6098
6097
6083
6081
6081
6078
6070
6069
6067
6062
6059
6048
6027
6024
6023
6022
6019
6014
6009
6005
6003
6001
5996
5996
5992
5989
5988
5985
5978
5977
5971
5968
5966
5965
5961
5958
5958
5953
5950
5948
5948
5947
5935
5933
5932
5929
5929
5928
5926
5922
5918
5912
5900
5899
5896
5896
5891
5889
5886
5880
5880
5880
5877
5875
5866
5855
5852
5850
5847
5843
5840
5839
5839
5829
5825
5822
5811
5808
5803
5803
5803
5798
5795
5795
5792
5791
5790
5790
5785
5784
5783
5780
5777
5769
5768
5764
5762
5759
5758
5751
5745
5743
5736
5736
5735
5735
5731
5721
5721
5718
5716
5713
5709
5684
5684
5681
5679
5673
5666
5664
5664
5661
5650
5649
5638
5637
5631
5629
5628
5622
5621
5614
5609
5604
5602
5602
5597
5596
5589
5585
5580
5578
5578
5574
5574
5572
5567
5564
5563
5560
5558
5548
5545
5541
5540
5525
5523
5522
5521
5519
5510
5507
5502
5501
5500
5498
5498
5493
5492
5485
5485
5484
5477
5477
5474
5474
5469
5468
5463
5459
5455
5455
5450
5448
5447
5446
5443
5443
5439
5437
5432
5432
5432
5430
5427
5423
5420
5417
5414
5411
5410
5410
5409
5403
5397
5396
5394
5393
5392
5390
5383
5380
5380
5379
5378
5375
5371
5365
5351
5344
5344
5339
5333
5329
5323
5322
5314
5311
5310
5310
5305
5303
5302
5294
5279
5279
5274
5273
5268
5263
5259
5257
5250
5249
5244
5239
5236
5231
5231
5228
5227
5225
5224
5219
5218
5217
5217
5212
5212
5208
5207
5206
5200
5198
5195
5194
5191
5189
5187
5187
5185
5184
5184
5180
5173
5166
5157
5156
5155
5152
5148
5136
5129
5119
5118
5118
5117
5116
5113
5111
5105
5100
5097
5096
5089
5088
5088
5087
5086
5085
5081
5076
5076
5075
5071
5070
5060
5058
5056
5056
5052
5050
5046
5045
5044
5043
5038
5033
5030
5025
5017
5015
5007
5005
4991
4991
4987
4981
4980
4975
4968
4965
4962
4962
4956
4952
4950
4947
4942
4938
4938
4938
4935
4934
4926
4915
4914
4911
4907
4907
4906
4905
4903
4902
4901
4894
4890
4876
4870
4868
4867
4864
4863
4863
4859
4858
4858
4855
4855
4854
4852
4851
4848
4845
4837
4832
4830
4827
4825
4822
4817
4815
4806
4804
4801
4798
4797
4788
4788
4787
4781
4775
4773
4772
4761
4760
4759
4754
4752
4746
4743
4740
4739
4737
4736
4736
4731
4730
4726
4724
4723
4721
4712
4712
4711
4711
4709
4708
4704
4704
4694
4693
4692
4684
4682
4676
4675
4674
4671
4668
4657
4650
4649
4648
4645
4644
4641
4638
4635
4634
4633
4632
4631
4626
4622
4618
4618
4615
4615
4609
4606
4605
4603
4601
4591
4590
4590
4583
4579
4573
4572
4566
4564
4562
4560
4559
4553
4552
4546
4536
4532
4528
4526
4526
4524
4524
4522
4521
4517
4516
4511
4502
4498
4496
4494
4487
4486
4486
4485
4485
4485
4484
4483
4480
4476
4475
4474
4472
4466
4466
4458
4455
4455
4453
4451
4445
4440
4439
4435
4428
4428
4426
4420
4414
4410
4401
4400
4397
4396
4390
4382
4377
4374
4370
4367
4367
4366
4364
4361
4357
4353
4353
4351
4344
4342
4341
4332
4331
4328
4326
4321
4319
4317
4311
4305
4304
4303
4303
4300
4300
4296
4293
4292
4292
4291
4290
4281
4272
4272
4272
4270
4270
4268
4265
4261
4261
4260
4258
4258
4257
4252
4251
4250
4241
4241
4235
4230
4225
4224
4220
4220
4208
4204
4200
4199
4198
4195
4186
4184
4184
4183
4180
4179
4177
4176
4172
4166
4165
4163
4151
4148
4147
4143
4143
4142
4138
4123
4119
4111
4106
4106
4098
4098
4097
4095
4091
4089
4088
4088
4081
4080
4077
4073
4070
4066
4065
4064
4059
4057
4055
4052
4047
4044
4040
4040
4038
4037
4035
4033
4033
4032
4030
4030
4027
4026
4025
4021
4019
4018
4016
4012
4007
4006
3990
3980
3977
3974
3972
3965
3964
3963
3959
3957
3956
3955
3939
3937
3936
3934
3930
3930
3929
3925
3906
3905
3903
3898
3889
3888
3884
3884
3883
3876
3875
3874
3873
3873
3872
3871
3870
3868
3867
3862
3861
3856
3856
3839
3834
3829
3828
3827
3827
3822
3819
3814
3812
3809
3807
3804
3801
3800
3799
3796
3791
3791
3777
3775
3774
3773
3762
3759
3749
3748
3747
3746
3739
3737
3737
3736
3734
3734
3730
3726
3720
3718
3717
3712
3710
3707
3704
3701
3701
3698
3694
3681
3680
3678
3673
3665
3662
3659
3656
3649
3648
3647
3641
3637
3632
3631
3629
3629
3628
3625
3617
3615
3615
3610
3605
3605
3605
3603
3597
3597
3595
3594
3591
3584
3583
3578
3578
3578
3575
3573
3571
3563
3561
3558
3555
3553
3552
3552
3545
3544
3544
3543
3541
3539
3535
3534
3533
3533
3532
3532
3525
3524
3513
3511
3509
3505
3499
3491
3490
3486
3482
3482
3482
3480
3471
3469
3461
3459
3450
3449
3449
3447
3445
3444
3437
3435
3424
3422
3420
3417
3417
3417
3415
3403
3388
3387
3383
3377
3372
3367
3366
3365
3364
3364
3364
3362
3361
3349
3345
3345
3343
3341
3340
3336
3336
3333
3320
3279
3278
3277
3277
3272
3271
3270
3262
3257
3255
3255
3252
3251
3243
3241
3237
3237
3234
3232
3228
3221
3221
3219
3219
3218
3218
3217
3216
3216
3215
3214
3210
3207
3206
3199
3197
3191
3190
3189
3189
3188
3186
3183
3181
3179
3177
3177
3172
3171
3167
3161
3159
3156
3143
3141
3138
3137
3135
3133
3132
3131
3124
3123
3121
3119
3107
3102
3097
3085
3078
3078
3074
3068
3059
3056
3053
3052
3051
3047
3036
3035
3027
3026
3024
3022
3020
3017
3008
3007
3006
3004
3003
3001
2997
2991
2988
2986
2981
2971
2970
2959
2951
2946
2946
2936
2933
2933
2929
2928
2928
2926
2926
2925
2923
2920
2919
2915
2915
2915
2907
2905
2901
2901
2899
2896
2894
2893
2890
2888
2887
2886
2884
2883
2882
2882
2882
2876
2871
2871
2870
2858
2858
2858
2854
2854
2852
2851
2848
2848
2845
2843
2843
2841
2841
2838
2833
2824
2817
2816
2815
2811
2810
2801
2798
2797
2795
2793
2790
2788
2788
2787
2786
2784
2781
2780
2770
2757
2756
2755
2751
2748
2747
2743
2740
2740
2737
2730
2724
2723
2721
2719
2719
2719
2713
2709
2706
2706
2700
2698
2698
2697
2690
2689
2689
2684
2678
2678
2675
2675
2672
2670
2664
2659
2648
2645
2643
2640
2635
2633
2632
2629
2624
2620
2620
2619
2618
2618
2614
2604
2604
2602
2601
2597
2593
2590
2587
2587
2582
2580
2579
2576
2574
2574
2571
2566
2564
2563
2559
2558
2556
2552
2551
2550
2550
2543
2540
2537
2537
2529
2528
2526
2513
2508
2505
2501
2495
2493
2490
2483
2479
2477
2474
2473
2472
2470
2469
2468
2466
2466
2466
2464
2459
2457
2457
2454
2454
2453
2451
2451
2447
2442
2427
2416
2414
2413
2412
2409
2405
2405
2405
2400
2399
2387
2385
2385
2382
2381
2381
2380
2376
2373
2366
2363
2354
2348
2347
2345
2339
2327
2326
2324
2323
2316
2311
2308
2306
2302
2298
2296
2292
2277
2275
2271
2271
2268
2259
2259
2258
2257
2253
2251
2247
2247
2241
2238
2229
2221
2221
2219
2217
2215
2205
2204
2202
2201
2199
2199
2194
2189
2183
2178
2175
2174
2173
2169
2167
2167
2166
2166
2162
2158
2154
2146
2146
2143
2143
2136
2135
2129
2129
2128
2127
2124
2118
2115
2103
2102
2098
2096
2093
2089
2079
2078
2075
2066
2066
2065
2065
2061
2059
2048
2047
2046
2045
2044
2044
2043
2041
2038
2038
2035
2034
2034
2026
2026
2025
2024
2023
2016
2016
2013
2010
2008
2008
2007
2006
2003
2001
1995
1995
1987
1986
1985
1978
1968
1963
1963
1958
1957
1955
1953
1948
1944
1944
1944
1944
1937
1931
1926
1925
1921
1912
1908
1906
1896
1894
1890
1889
1884
1883
1882
1880
1879
1877
1872
1872
1871
1867
1863
1863
1860
1858
1850
1850
1844
1841
1839
1823
1822
1821
1818
1815
1814
1812
1811
1810
1806
1798
1796
1789
1779
1778
1775
1770
1770
1768
1766
1763
1755
1750
1750
1744
1743
1738
1736
1732
1729
1729
1727
1725
1723
1722
1720
1719
1719
1710
1708
1708
1704
1704
1701
1696
1695
1693
1692
1684
1677
1676
1675
1675
1674
1670
1669
1667
1666
1664
1663
1660
1653
1653
1650
1646
1635
1633
1632
1628
1622
1616
1613
1612
1606
1602
1596
1596
1595
1595
1594
1590
1588
1582
1570
1569
1564
1553
1550
1548
1547
1546
1545
1543
1542
1529
1528
1527
1524
1523
1520
1515
1514
1514
1513
1512
1510
1510
1507
1505
1501
1500
1499
1497
1494
1491
1490
1489
1489
1488
1480
1479
1476
1474
1470
1470
1469
1466
1464
1461
1455
1451
1451
1450
1446
1446
1445
1443
1441
1436
1435
1427
1426
1423
1418
1417
1415
1403
1402
1395
1394
1393
1393
1390
1389
1388
1385
1369
1369
1365
1359
1356
1351
1351
1349
1347
1346
1343
1340
1337
1334
1327
1325
1322
1321
1321
1320
1319
1317
1313
1312
1311
1311
1308
1305
1302
1296
1296
1292
1292
1284
1280
1279
1272
1269
1268
1260
1256
1255
1251
1248
1247
1241
1237
1235
1233
1231
1231
1230
1229
1221
1220
1218
1209
1209
1209
1208
1205
1203
1198
1187
1181
1172
1170
1170
1165
1161
1157
1157
1154
1152
1146
1140
1138
1134
1133
1133
1131
1129
1128
1114
1109
1102
1096
1096
1095
1090
1089
1087
1085
1084
1077
1075
1072
1069
1065
1063
1059
1058
1053
1051
1051
1051
1045
1043
1043
1038
1028
1019
1018
1011
1011
1005
1004
1003
1000
997
982
982
979
977
975
972
967
957
956
950
949
947
947
941
940
938
937
934
924
920
917
913
910
906
898
892
886
885
883
882
870
870
861
860
855
855
845
841
841
841
834
832
830
829
825
822
822
819
817
812
811
811
810
808
807
802
794
779
776
769
765
761
761
759
755
752
751
750
747
741
730
730
729
727
723
722
710
707
704
703
702
695
691
690
678
677
665
663
659
656
643
640
635
635
634
630
629
627
622
621
620
618
608
604
598
596
593
589
584
583
580
574
568
567
565
562
561
556
553
553
552
552
551
548
547
547
545
541
538
537
537
535
534
531
530
530
526
525
523
519
510
509
508
505
502
500
498
498
492
491
489
488
485
485
476
470
469
466
464
458
456
452
447
446
443
432
431
427
426
416
414
406
405
404
398
398
398
396
395
392
390
390
385
385
384
379
379
375
367
366
360
357
356
354
353
353
352
350
350
346
342
340
338
337
329
327
324
319
318
317
317
313
307
304
296
294
293
293
292
291
289
289
288
288
287
284
283
282
281
272
260
257
256
253
251
249
242
238
238
235
233
232
231
231
217
202
200
195
186
181
180
180
174
174
173
172
163
157
154
154
149
145
143
141
137
133
130
126
126
124
113
112
112
109
106
103
99
98
98
94
88
85
84
80
77
75
72
70
69
69
69
68
65
65
65
61
57
51
49
43
40
39
39
38
33
27
26
23
22
19
15
7
0
0
