32634
32631
32601
32545
32465
32400
32395
32351
32349
32275
32271
32270
32244
32235
32231
32230
32199
32173
32160
32152
32145
32132
32073
32046
32028
31993
31908
31846
31838
31831
31819
31819
31751
31702
31694
31670
31633
31627
31586
31499
31455
31437
31421
31392
31390
31367
31359
31342
31331
31308
31293
31266
31260
31225
31196
31188
31176
31150
31004
30982
30951
30924
30907
30859
30855
30829
30772
30736
30679
30673
30639
30531
30500
30496
30469
30423
30410
30351
30330
30269
30262
30246
30223
30211
30176
30140
30081
30065
30061
29982
29950
29855
29827
29610
29605
29596
29420
29385
29354
29345
29298
29298
29279
29235
29220
29159
29139
29111
29110
29108
29100
29087
29073
29068
29061
28789
28783
28783
28780
28776
28766
28709
28703
28699
28681
28677
28673
28652
28592
28584
28556
28503
28494
28386
28373
28294
28276
28256
28229
28216
28094
28063
28060
28021
27989
27980
27943
27883
27870
27839
27836
27802
27785
27717
27661
27641
27579
27564
27541
27492
27432
27386
27349
27343
27280
27277
27257
27195
27190
27120
27094
27041
26958
26951
26941
26939
26929
26898
26887
26873
26872
26822
26801
26794
26780
26749
26746
26651
26626
26616
26593
26572
26439
26398
26396
26395
26381
26364
26327
26327
26314
26225
26134
26014
26004
25977
25881
25877
25853
25841
25807
25771
25766
25754
25744
25633
25611
25585
25573
25502
25481
25452
25415
25393
25335
25333
25326
25316
25312
25250
25228
25218
25137
25136
25098
25048
25010
24924
24909
24841
24810
24789
24784
24767
24688
24662
24636
24619
24604
24531
24511
24500
24464
24446
24347
24328
24247
24161
24097
24088
24088
24048
24038
23981
23927
23910
23854
23843
23831
23800
23774
23763
23715
23683
23678
23667
23618
23588
23580
23560
23557
23555
23551
23530
23471
23446
23441
23423
23374
23214
23173
23156
23142
23087
23037
23024
22992
22952
22896
22895
22850
22781
22626
22611
22586
22585
22543
22537
22467
22463
22423
22380
22379
22358
22238
22060
22025
22024
22014
22014
22011
21928
21890
21843
21824
21812
21803
21760
21700
21690
21569
21495
21491
21411
21410
21342
21336
21333
21317
21305
21289
21220
21200
21152
21039
20986
20981
20883
20847
20847
20845
20838
20811
20800
20774
20773
20770
20646
20572
20557
20538
20533
20517
20505
20445
20427
20370
20360
20355
20322
20313
20312
20286
20274
20252
20179
20178
20134
20121
20112
20096
20085
20065
20033
20030
20007
19985
19985
19863
19771
19738
19731
19710
19702
19674
19667
19654
19640
19630
19629
19616
19577
19555
19536
19483
19456
19455
19290
19280
19244
19238
19211
19194
19172
19171
19158
19135
19041
18999
18963
18917
18901
18901
18868
18830
18826
18782
18775
18749
18705
18694
18693
18670
18654
18645
18639
18633
18583
18583
18541
18461
18434
18413
18346
18345
18315
18313
18306
18282
18242
18231
18221
18214
18179
18165
18099
18098
18089
17990
17961
17946
17896
17892
17880
17817
17748
17735
17718
17552
17529
17514
17497
17490
17463
17441
17357
17313
17307
17303
17280
17276
17272
17271
17188
17108
17030
17011
16979
16905
16836
16807
16760
16676
16642
16580
16492
16446
16342
16291
16279
16275
16240
16207
16204
16136
16088
16078
16042
15992
15950
15911
15910
15825
15819
15807
15774
15734
15725
15724
15718
15531
15523
15508
15500
15427
15410
15294
15179
15144
15125
15119
15057
15014
15001
14975
14955
14949
14947
14818
14773
14764
14686
14578
14566
14561
14543
14535
14521
14510
14476
14457
14444
14440
14418
14412
14381
14341
14322
14319
14315
14310
14283
14276
14249
14210
14188
14187
14169
14163
14079
14078
14077
14072
14069
13961
13941
13931
13917
13896
13890
13858
13830
13782
13731
13696
13607
13601
13580
13560
13535
13512
13507
13494
13430
13276
13263
13262
13244
13197
13158
13128
13107
13097
13083
13076
13029
12823
12818
12814
12788
12721
12713
12706
12686
12630
12611
12588
12475
12469
12456
12376
12376
12346
12310
12228
12226
12200
12187
12180
12179
12175
12152
12089
12086
12053
12006
11982
11980
11975
11877
11850
11846
11842
11837
11779
11710
11677
11672
11622
11576
11529
11479
11453
11365
11348
11339
11328
11315
11301
11298
11183
11179
11173
11161
11131
11109
11083
11070
11018
10970
10954
10938
10928
10914
10818
10797
10792
10760
10739
10670
10670
10628
10607
10585
10565
10498
10483
10469
10466
10431
10410
10402
10393
10326
10213
10203
10193
10152
10145
10077
10058
10049
9916
9726
9654
9645
9629
9621
9616
9604
9548
9547
9454
9417
9360
9328
9287
9284
9250
9217
9211
9200
9190
9074
9049
9046
9037
9008
8976
8951
8899
8890
8845
8840
8771
8758
8601
8557
8517
8450
8443
8439
8430
8416
8401
8324
8321
8308
8158
8008
7860
7848
7839
7783
7774
7740
7706
7620
7611
7598
7598
7562
7528
7485
7476
7437
7435
7423
7395
7313
7305
7302
7298
7265
7248
7156
7116
7114
7105
7078
7076
7067
7066
7063
7042
7026
6965
6933
6914
6903
6852
6803
6779
6747
6723
6717
6694
6643
6630
6557
6521
6497
6483
6426
6385
6382
6381
6347
6238
6127
6092
6077
6065
6036
6011
5976
5901
5883
5876
5858
5760
5704
5634
5597
5533
5531
5507
5468
5454
5342
5319
5245
5228
5160
5097
5029
5021
5021
5009
5000
4921
4890
4818
4770
4696
4665
4656
4604
4566
4557
4527
4504
4478
4410
4407
4378
4330
4293
4283
4278
4214
4191
4186
4145
4093
4079
4011
3957
3911
3907
3870
3855
3795
3786
3786
3670
3645
3611
3604
3597
3596
3560
3536
3485
3419
3416
3358
3354
3322
3299
3239
3231
3229
3225
3077
2979
2911
2845
2834
2810
2793
2763
2738
2730
2726
2654
2639
2560
2550
2543
2541
2516
2369
2294
2283
2258
2251
2211
2207
2185
2146
2119
2108
2102
2089
2087
2040
2003
1992
1962
1940
1928
1920
1906
1898
1896
1878
1832
1800
1646
1637
1621
1584
1565
1434
1433
1414
1408
1373
1354
1329
1322
1298
1281
1277
1196
1046
1045
1036
1032
1027
1027
1019
1005
972
916
903
888
856
762
748
748
746
743
731
688
646
639
613
565
556
535
483
448
414
327
326
270
217
179
170
138
121
111
91
84
61
52
45
23
