13152
8679
28017
20553
28231
8124
10976
30505
10168
19415
6654
3355
30183
10142
9384
17123
29196
30699
5402
32089
220
7122
10539
29059
30694
16690
22335
3227
12878
8746
5212
16720
32619
22739
1970
19795
7019
9610
1798
8154
9815
12763
18963
24584
14900
12903
17054
5528
18517
25169
23209
13088
2431
9000
12951
2163
30292
11722
16386
17905
2910
19615
31539
31961
15905
7144
9965
17176
31142
3408
11946
9798
18037
23644
12733
6759
26385
17960
10108
16578
5322
3095
27447
28164
27182
29348
28496
7667
30848
7289
19477
30593
28228
21908
28763
698
8357
20684
665
14804
11219
20169
10659
13757
4839
9799
15676
12054
32047
19677
26868
7375
3484
13835
8568
753
12384
30875
13265
29600
16218
19914
3177
31135
29085
547
21906
6175
9977
9629
6103
13592
24432
22925
29168
18912
19800
21895
20461
28890
9534
4281
4495
21409
5785
7839
812
16854
25207
29629
859
28549
17810
10464
2603
9490
25684
24221
12306
2336
18400
31069
24624
453
17551
5365
1142
31199
17383
13068
27512
17035
25617
17584
376
3801
31888
2720
19706
9393
15041
27851
20755
13614
684
17471
15760
28877
30400
22922
20055
25283
19410
1325
9523
21709
13756
6478
6326
5848
24583
5860
10399
10686
9072
13228
15151
12147
28904
27126
18744
8027
15278
20947
15531
9982
14834
29985
30401
16689
9857
7597
9401
10992
3990
5924
27414
9163
4202
19805
22432
27504
11644
25809
7768
17887
31552
27998
25593
14144
6471
9905
282
4678
22507
17826
27265
23086
10283
25046
28940
6334
8201
25680
6692
24997
19790
31253
8491
23912
7618
20328
2299
26493
24727
8638
2315
2092
17155
19016
6300
28569
17031
27954
17068
18074
24163
27196
21710
19700
27820
28102
10242
22822
32634
21969
12244
10802
25590
29164
28966
5437
3461
21375
3484
22791
1970
29442
16619
17207
8068
20953
7731
29846
28185
24811
7052
24211
22125
11223
24366
41
22591
27997
10617
637
3718
16729
8
19109
13841
28874
31452
14532
30900
13319
32764
9364
8230
28885
3068
6942
9181
18600
10836
8640
25017
30159
15147
24532
9204
11730
31333
20863
16974
16430
23750
2839
17889
31424
10696
14694
4168
4837
10903
20058
21286
4486
19082
1932
13870
14033
30465
6973
25736
25825
18689
14128
3559
4304
31153
8564
1134
4046
15746
29545
11286
2384
9716
5058
26848
7481
20523
463
28933
19447
32693
26349
1012
20039
30069
8685
31624
28692
31240
20359
26092
5142
30542
32653
20973
17105
21565
10951
12119
19842
28056
18595
665
25639
1636
18574
14507
3966
17105
25497
30803
18188
5594
23289
14115
8563
14989
11243
11260
29919
9615
1695
26317
18362
12737
18413
23973
18878
644
30635
8375
30951
14253
28771
13003
23490
25951
2453
16873
28189
27337
22495
20098
4160
3390
13659
13343
32472
23725
4755
18130
20366
18303
8700
1107
6725
18741
654
1314
17650
3167
1437
24310
14572
11253
11684
7669
3381
23492
26493
28196
10230
20730
10056
6567
109
15424
16946
119
18826
12663
21561
17816
13689
23958
26094
4733
31968
303
24174
16178
8892
9265
15835
6165
19717
23236
13759
16283
8360
6408
13894
24145
28051
480
29263
22376
2990
543
3813
2001
24569
6460
28722
15201
13732
19764
21796
3006
10442
5435
11192
416
20498
1936
19432
18678
22362
32749
18874
12323
2576
27809
6760
19193
30021
22875
12264
25941
782
12915
25762
9660
9873
9692
12401
1139
24375
14307
21404
24477
2232
10992
14568
19280
17489
25001
21158
26051
2844
9616
20149
4287
5365
12896
31443
26729
28169
14609
13925
26925
12142
3856
10268
5614
24991
15997
10269
15359
2198
24078
18342
2981
9738
12556
24252
22121
22693
2577
1404
17278
13047
18589
3948
17456
30197
32067
1923
19080
19590
16452
23430
2554
11943
2489
32168
20890
29683
11704
24412
19294
16709
24010
10399
7266
11534
5319
26919
14823
9185
17528
19329
16603
8886
739
18876
6970
15341
1888
29668
13219
21404
25152
410
18922
22755
25108
12989
16066
1963
11290
10784
29620
22281
18667
2896
32691
2329
30755
3469
27164
7210
26535
19096
4137
11841
19341
19181
11660
3940
17925
6499
28790
4607
11218
4223
9127
32641
16860
1708
16612
28952
7849
16562
5379
14625
871
2799
5830
27473
26525
11791
12561
4901
13916
12106
30895
29348
5840
24311
18825
956
27081
13275
19025
12255
2965
16733
4010
14713
2370
7876
12929
28958
7596
20023
8461
2247
32440
6195
27529
17804
18446
11932
16372
21297
2209
12898
1202
7535
2114
158
21204
31311
2426
19326
6501
652
25234
7997
7963
19455
30751
27614
5843
19157
13428
26657
30058
16932
31422
4029
4778
6816
14225
25564
22806
22710
15307
17453
6611
2485
26593
1651
4211
3169
27813
8908
22822
1666
30611
31700
19494
8985
25052
2953
3846
2854
8577
29734
15697
19854
18355
24720
16082
1433
22053
14103
2507
6363
7040
7939
15487
30166
28036
8033
28130
19298
16750
28374
29081
8881
21756
18317
15046
29901
4140
1679
24760
29784
30374
11574
2961
8521
2088
17620
31824
14138
24224
11716
15169
23010
16106
4691
15162
4797
244
22541
24173
9111
24498
18943
12414
25786
5942
12934
9916
15875
25964
26078
29684
15950
7259
28813
138
5294
31710
32713
9126
7702
23845
30990
22902
10985
29380
16731
30414
7519
388
9024
31935
3947
24277
10576
3242
7021
25935
31597
21920
7195
29671
30846
15934
32486
1857
113
8826
8799
23186
20661
29079
13772
7973
24552
8931
1582
27030
6795
26318
1017
30794
29832
16118
21790
202
4950
16410
4951
30508
10140
18940
4647
30282
6689
5074
3705
26066
30157
14375
10354
30396
28940
30394
20369
22734
26925
19194
13332
15064
1637
28236
28371
1321
8140
23535
25869
28406
1350
27663
3809
30641
14104
9850
25518
31891
22571
8601
26768
32053
17574
16746
17039
3053
11591
19011
7976
17625
17171
26929
11471
7652
2579
15286
21153
8949
13181
2598
28364
15675
16620
3696
790
25436
29439
26358
27806
6431
4267
2231
31479
11894
5266
22813
19841
4200
30226
20095
4823
1360
32222
11551
4098
12135
21133
18900
14553
25370
26640
14073
18001
4644
8449
649
8131
24513
14877
6416
11718
30951
21202
5160
1122
24887
6088
6944
9270
1884
23886
1963
12096
24654
25279
7121
1871
9080
28144
24342
31693
27710
5768
24435
17494
7960
5117
6850
418
25583
14131
6731
23116
23756
1055
16466
27685
8717
10623
8632
16
29300
21146
15466
4237
22492
21939
2835
13421
15846
276
3207
8280
16888
23101
31030
4836
26909
5596
17371
10015
12548
21875
17698
4964
14331
24590
23138
7033
27668
25017
26303
13009
31321
3283
19800
8126
5890
24589
7932
26641
32191
18433
29561
14123
16134
16242
13211
18593
26463
15598
32205
29305
924
17015
25249
31941
8020
4982
32434
2169
869
5718
11902
5877
2031
1583
16537
18994
22329
12501
3342
23112
25797
27994
22675
18875
16097
21534
19038
7962
8377
29511
31445
28461
20915
977
20552
32707
31125
980
32235
30041
32701
743
13039
7757
1740
30428
4153
26791
30611
9525
863
2072
7390
3486
21774
11766
4149
19794
27476
30350
3022
14416
18381
12567
32731
19595
2146
30949
8754
10991
32540
25519
12972
28210
23117
12539
30859
18067
31698
29281
25506
23095
2485
8091
16303
14830
26331
22617
31831
25837
9668
6331
30579
26722
13335
12017
11031
6164
10120
9896
5162
29219
1296
9991
30159
8566
7404
30707
15673
2732
23136
8489
15566
20330
32687
3789
22808
3070
8484
6380
32154
9740
2008
14325
27244
1877
3199
3430
18577
19496
5456
25637
30137
6385
15667
14925
19833
28901
7438
22980
32006
23253
29352
11240
24635
25711
31094
29758
20017
11687
24543
28601
7836
23414
20140
7926
1933
4919
19848
16620
31714
30942
31643
22870
31298
23738
30473
18208
16340
14688
29639
18662
7143
10814
613
28667
30364
18899
6018
2133
16786
3094
17135
31491
18546
23696
19151
7661
3977
16368
32766
11474
12791
6728
16763
18224
23905
20821
30546
18837
32680
6650
2912
1171
2881
4599
5981
31226
15444
980
8818
5871
20802
25638
22600
4769
14449
12214
10210
17192
18692
25227
16900
21827
19567
18499
25705
1901
20037
28592
20630
23580
31049
30994
11281
25805
10312
14586
21300
14979
9686
11880
26757
15642
4903
8700
19843
12393
4520
29337
24453
20469
4737
10440
13030
19408
26026
17321
20548
18327
21970
10545
8658
3976
26612
5490
9513
19920
25940
17865
22104
23603
23311
25881
31814
5792
11388
21462
18147
1627
24939
1917
30794
25705
21439
23218
31116
10745
25906
2034
31495
12858
18522
14512
31341
15690
25752
24739
10822
3712
18080
259
7716
9220
22750
7225
5874
15005
23624
13627
30863
12199
19708
2382
32351
19412
28568
776
19447
32398
30483
11521
17690
27316
3894
161
7136
26227
17320
30126
12660
26700
11216
10471
31322
27845
16528
19402
30720
32761
27498
15208
18736
16269
5883
31424
2490
12148
16793
26281
10286
4494
8812
4746
25450
26902
24258
20439
28495
30796
2181
29873
15113
3175
6266
8080
26772
7253
12157
2820
32316
23189
18346
10482
24022
24790
15175
21405
12877
6460
32727
13975
6428
13925
27053
4569
30158
20920
18184
7938
344
24436
3831
13550
15921
8780
18797
19112
3736
19340
8185
17748
25771
15203
8856
25707
1823
11100
20191
12646
31492
595
19069
6329
21708
26675
9976
3169
3830
3237
31352
3641
28701
13577
3547
25725
2062
32613
32146
22771
32103
5737
26455
15925
25634
14934
12907
23743
21465
27186
15447
9710
21682
6146
23919
29971
29935
17333
29442
22373
27475
24996
12204
30620
22875
13113
14576
19290
14529
10201
15979
3705
22797
6820
24171
29581
24368
26556
8186
4360
23019
9547
2778
13316
4734
11772
12656
25475
29463
3920
10451
24624
5674
24557
5208
27598
27713
21931
791
8970
7518
20064
13200
2572
16052
16586
22127
16984
27831
12755
27086
8893
17472
31311
2283
10592
10690
18080
614
9299
1283
15272
18689
7169
18601
8838
18419
18246
4560
15523
4218
27364
19114
32010
29309
8119
20840
14415
4986
1091
32024
27622
3273
15965
2615
18101
21708
27333
22900
7352
18169
21193
19238
25577
5370
26529
19514
15332
11990
13808
21578
27001
21649
22061
18127
31036
7623
10069
31651
14735
7361
8118
1432
6103
31582
7402
9301
29084
31179
23622
21135
24013
24880
15753
18525
30977
25945
1800
22489
6967
26250
14957
30373
8392
31768
23239
4355
31518
4116
22998
12644
21225
26000
6830
18781
17208
16120
26032
15973
2173
7164
28071
12096
13504
29591
25059
10660
5109
5582
12586
31650
2484
17465
7402
28451
11880
2114
28100
7781
7175
24156
14521
19840
22520
7044
18514
8434
15339
1368
29684
18539
16060
32173
14852
1479
576
1798
14890
25236
8407
18013
25082
13871
189
11999
27549
16251
24514
217
31047
29288
25288
26506
21190
26461
23537
20504
30888
32148
17305
11832
5310
7921
11578
31402
25512
21391
30823
4131
2534
621
1183
5701
21619
2715
26441
14901
18866
28058
26939
31938
20554
23305
506
289
29180
119
15211
16150
5131
10772
19540
23605
24559
7377
31852
14666
21609
27504
21161
767
32603
19452
13838
6910
18340
13842
6809
26901
12688
5403
32109
15744
24244
11436
32647
14298
1788
21033
24160
7612
17644
10837
363
24699
32252
279
18108
3347
5435
7063
4022
20456
10922
16638
3544
7113
19615
7359
29024
10213
23779
27304
30808
4273
32613
6489
27629
21249
5481
27674
18591
6172
11068
8039
31278
562
22525
21219
28745
32520
6056
22575
11870
28813
28301
17437
27190
12906
31966
1370
2905
19943
20030
28147
16394
29788
25439
17098
5296
1249
5195
29727
29369
7773
18211
29393
9989
29735
19287
24258
25160
15738
20768
26721
5128
16379
6170
2971
3061
16818
16206
27080
5180
15033
30684
11155
5900
14966
14374
940
18679
28790
8426
10965
11761
31292
16338
15522
22531
27498
21133
20344
61
27269
434
29787
9488
95
8723
15026
18649
28337
25172
17390
32722
30591
28152
23871
12289
12766
16633
21560
26649
32637
2832
32096
32053
16866
10984
9624
24909
12563
1109
11575
6304
32331
4414
16412
4093
25670
422
1244
25260
11757
27020
8355
30374
27146
30583
28167
27561
20697
31262
30589
23790
18219
2650
18509
30612
17302
21191
9287
28622
6794
5370
29260
11188
29785
17405
28170
11628
26284
29198
16406
3206
28206
16305
8430
4073
24990
66
10404
711
5883
25126
1116
23804
29486
5563
18092
29804
2193
11216
15005
17825
31191
14376
30044
4454
24530
5484
13912
30874
26648
15106
13969
10187
18758
20051
23696
13691
30338
1300
9728
30088
30410
28099
27996
31798
28806
11593
25568
16742
18651
27937
13615
32428
4884
18092
4455
10604
8148
24497
31699
7280
12859
26026
16438
15708
16350
20342
30759
31124
1725
4037
32487
8955
14525
13180
28495
18797
17858
29302
22288
14766
10153
2492
13625
20375
823
13348
445
21958
31634
29604
19358
11403
8934
601
29869
14611
19343
26160
99
4008
11633
6362
23135
14566
17964
7894
17249
27283
9823
28778
24073
24313
28948
30639
9271
29091
23083
32248
665
18395
12140
7461
16180
16781
11892
28239
12108
25892
31647
17827
31362
4988
28326
5205
12208
9347
27363
10696
21089
13650
14193
4906
24953
1762
10995
3626
11558
26041
6654
4430
27086
30956
471
7660
18170
2818
24604
28260
17255
25314
753
23129
20039
29303
16161
23842
11348
3617
26515
10520
2192
18121
115
16477
17849
12963
3338
24032
30172
26350
19028
4626
6276
14313
28296
24853
27448
28432
12084
10907
31229
32658
31313
6972
11075
25322
20122
13210
26400
7689
13435
18530
21597
23940
21849
28431
1821
19176
29322
6367
6850
4030
24693
21083
6875
26133
6653
24566
21947
3059
9333
23526
9236
26520
29867
24883
11751
20011
4284
27715
22712
17515
1664
30225
5137
6740
11832
7025
23049
10830
16158
28190
20117
15760
510
27954
12309
4292
32501
16190
7601
8238
991
28853
10694
11114
28897
30752
15518
29926
29728
11873
1620
11189
19499
17311
16025
45
25443
16719
18771
13616
708
15759
6549
23650
22209
22837
30305
4252
4849
20083
13115
10404
31877
23791
379
25034
19499
16375
12325
1375
23052
29812
12184
23025
5419
1607
18704
30774
26477
22067
24138
32597
24323
30069
9891
27866
32724
29564
9541
32743
16444
32459
2821
12128
29467
16782
857
1037
4671
3133
10660
7873
24677
17782
27471
23210
8393
7396
32549
4585
8187
28162
32365
17449
10513
19634
6044
21764
5843
20823
20191
23411
12821
10065
28832
20667
22718
18313
10807
7951
25752
32178
32061
23346
2451
17037
26331
31182
6619
8213
24602
2824
31165
1921
26530
6141
4740
25363
9708
23383
27245
14970
16263
759
1052
31482
22605
18061
4
10298
11618
12682
12101
5106
7765
2560
24927
29462
29860
28254
8144
22810
24779
30562
6070
23426
1438
31339
25032
23911
16319
27894
18203
5335
26592
22795
10151
1346
32448
4247
19343
26236
2285
17600
18812
13960
24146
13657
5604
32504
4266
24010
18561
22116
84
20319
6697
8729
18655
24977
18238
32030
32499
15972
23269
17671
32494
27056
18902
13552
20418
5094
11096
16140
1771
25184
11469
1721
868
20426
11162
22838
15107
1530
5892
21323
11443
21276
3066
3458
31684
14538
2929
24714
15529
21181
15303
23902
5191
3958
24197
17839
12120
3645
25420
24201
10572
30775
14446
6999
8185
26883
29471
20130
15423
29098
30930
31912
13751
18524
27939
19502
5056
16936
1701
346
5437
3129
10187
19577
24366
4147
11349
19149
12954
18264
6951
19685
8737
24904
32319
32191
25465
17588
12234
7220
14436
1478
15851
19636
3414
10726
4514
29678
24841
23044
27503
3092
13009
2175
30799
25357
7289
32251
10811
22945
3221
11955
5406
15908
21884
1537
25958
16230
1735
3981
6724
11321
31918
19664
16287
15619
15067
16578
16191
29554
577
19708
25902
24072
15220
31066
14323
30317
18346
2247
30251
16844
24534
31604
12928
17940
31910
17681
8932
25879
27737
367
25405
30535
11535
31601
26674
29025
24439
17085
17278
20937
10727
10428
29623
16568
8454
12658
28026
4973
10781
5127
30233
437
22509
23884
28310
26761
6288
17285
32448
15267
9674
6022
3293
22163
4135
3977
8822
16401
21743
19996
17346
20890
8792
4431
11098
19455
859
5589
1560
26362
30380
21618
18668
21738
31045
20922
16552
32179
17742
17726
10541
26556
2576
28688
19388
25505
10952
29266
2966
28588
14963
9995
5724
13301
25656
17076
24686
2864
14330
14815
386
18421
30669
26458
31272
8009
11412
1258
27847
22374
3451
22127
16105
2272
30468
1068
15665
5245
24040
19670
12271
4381
9508
32074
18532
18367
8292
9430
6221
6094
9971
16179
27276
18648
1663
17133
693
26161
26647
29955
20250
21490
25245
3260
19886
10368
9514
7904
14249
28215
8758
21196
7598
16352
21862
26347
29249
16141
5517
8931
7620
447
22619
5871
18625
18113
20412
1328
12392
9342
2981
22239
2003
31652
3838
29451
826
6082
3573
727
7793
17883
31600
16265
5294
32526
9453
3389
24329
30393
7732
9857
4097
1939
27328
15230
31900
15782
7035
32197
18581
32634
26312
11819
25316
13005
29540
20141
250
23468
18837
30625
14867
30626
25871
2935
1910
10096
18602
20572
6722
1113
4411
25278
27042
13387
23504
28286
23022
25193
1688
2959
1103
7336
30780
31266
11079
1761
16817
1332
20798
1619
24612
14307
23188
19409
9933
8098
27549
14730
23889
8751
4987
19140
11264
27339
32076
19000
32421
15021
26330
11684
16892
10931
1308
10679
23039
9945
13241
31489
12402
16206
19297
8169
11418
26941
30157
6772
24468
8265
24293
16712
11717
298
6498
5391
16425
5149
14162
2066
30835
3824
24789
26987
18646
4145
14294
1803
1717
4375
23268
27426
14687
19074
19898
17876
10503
19884
13541
27184
12682
6869
17100
12359
22877
7980
22734
3506
21768
7971
3003
17918
26210
27205
12279
10473
428
31922
21997
1701
4454
219
20511
16713
30484
26637
20977
23676
28670
12171
3609
23074
5659
266
1803
6366
25628
2588
23108
32292
3053
15699
22413
9341
21441
30225
10781
31385
31700
23850
10223
31632
26344
20845
29161
8766
24437
21273
14091
31438
17107
19865
7093
21804
28131
28758
30808
4792
16084
1783
2239
1143
25513
5142
31041
14512
838
7227
9571
18119
23937
31484
1632
24284
25603
16025
25711
23130
8690
26175
29298
23854
17473
11884
30424
13871
7320
5538
23381
20932
30784
26991
5380
25030
21174
24542
2373
24183
6640
228
19784
28969
27859
14164
6045
32463
26323
24048
1345
7564
4900
31506
14320
6470
4791
28903
28227
9369
3269
11402
17720
12899
7714
7781
12939
1605
22045
25139
20674
10574
29253
24311
21458
8669
3771
14704
14296
32441
114
1867
3277
2346
23631
1620
8318
25115
508
32228
19878
2964
24630
10637
10933
8691
13374
9658
13197
18804
2851
28566
8850
31175
16641
31710
23824
5858
31279
29954
7645
18793
25193
14598
3184
15479
1555
1323
540
23109
4593
10885
9342
9168
912
1295
29504
4152
9474
32000
26113
4418
16000
7387
15261
109
17975
30262
320
25145
26941
21136
16269
2788
22692
6113
27512
19996
20366
20530
9063
6527
6739
1871
774
15777
14487
24512
1559
10057
578
25708
16765
12713
31466
20836
21107
22123
20857
8057
28428
22795
1736
29217
10249
14510
29457
3043
12935
31102
26907
11404
28941
26455
23106
18916
29280
22292
4643
2436
32271
10674
7769
6336
15687
11454
9254
28295
11398
14566
17145
12199
20782
26916
23159
31474
18620
26404
18654
12953
4729
29843
8620
20643
12149
24850
2020
21466
20677
4970
24500
22390
11667
27423
35
19247
13276
27620
32588
31407
20594
11440
2789
26860
2301
22705
1665
22526
12130
29253
25802
26547
20340
2716
18211
3993
21252
31442
17176
6834
29595
5446
25390
11790
24667
9225
1949
12681
13739
18774
27543
9520
11219
24813
14666
17939
17485
30593
24249
3139
9426
7007
21521
27136
31689
9603
31873
8949
14352
30929
15424
19404
6159
10432
30275
27206
30290
15779
22480
29172
32110
32555
5682
1097
31821
28230
1579
15189
32714
25919
19414
9025
8968
11900
7231
15471
30474
20166
25876
16216
22881
8106
31830
16897
4942
9925
10057
20156
30397
15909
15412
8979
25686
6114
11194
3331
30308
24223
20678
11016
28920
27340
16108
11707
5992
23306
10476
30637
10296
13220
12742
6164
5151
7576
9240
23291
17802
3107
7955
17763
4617
17153
19383
10273
14045
9376
14484
18363
26005
30555
15865
24837
26156
7416
6648
12072
6328
2765
21096
24960
14617
23991
15058
31430
2947
31705
12743
11265
18852
32003
9560
32240
28195
28157
17722
13988
3843
25012
9915
1481
3358
22659
23218
12871
30089
14850
1413
31834
12919
18374
16882
15533
10926
11732
24441
13268
27138
30270
11166
13489
6769
12201
9695
5162
11020
22980
7971
27341
25172
9743
17752
25653
29891
19971
396
17011
24961
1282
8884
31590
2956
19428
1240
9462
22133
20286
6561
30431
26159
30195
20647
23041
16988
26351
3564
12791
4896
30709
8760
19387
2590
29711
17536
28398
32398
18924
22295
29385
18182
7665
2506
26963
323
9206
14456
5922
22286
2366
2797
10914
6641
15052
20298
20555
9387
29863
8009
7096
28273
24427
7377
1128
30647
19316
24234
10926
11373
32361
27010
3079
21232
14902
22621
27281
12952
17364
13276
23319
27614
30999
4865
25461
22991
25801
4954
17484
12503
19353
23553
30866
30933
4968
16026
18528
14476
15551
18696
28992
31858
29239
20391
8359
4109
30299
7338
4598
22638
15926
27321
23309
25091
23762
6486
4692
30503
28457
2406
19576
13324
20825
118
30943
18650
1660
21598
13156
15748
20404
30174
32476
24025
32766
17340
14706
14178
19398
4570
20967
27134
21019
5224
1048
6437
8447
6521
31442
4217
19796
5448
18843
1519
11538
19278
8106
6950
11631
1944
15193
5295
11855
30342
212
8820
18288
17720
12955
5693
15421
9762
8447
27649
3834
32151
25162
17209
3682
30357
2521
23624
6891
31795
21067
22842
13383
26388
30098
26580
20457
31125
30250
30796
7071
15362
19999
445
19504
564
161
27864
7627
20129
24718
16296
29491
21122
9829
21919
31228
15248
16805
30981
28632
28471
18669
25538
2437
6493
25650
17267
2578
21236
24217
20465
11729
19964
9944
749
20440
2871
6160
31589
17314
24843
21069
23367
12485
32014
31501
19280
15334
6156
25656
27546
5838
30851
6714
8942
22199
9823
20467
3968
19527
28418
2619
22661
11795
13580
23095
11872
25986
5359
31611
4914
1126
29440
19492
29560
26955
28713
16172
13126
25400
4568
8998
23547
2327
30709
14787
28220
18341
21085
3211
20528
19144
18914
27041
3753
7772
1248
19434
9896
13492
25074
4025
3139
10857
30528
13869
5851
24338
21214
12699
32129
18132
21655
21145
29383
10245
5295
4356
16317
19518
13829
12404
24126
23484
26597
15897
270
29164
2302
929
770
14509
1053
11864
26741
7749
3940
2799
11884
25818
28610
26090
11599
22321
29913
31821
24068
10533
24404
18526
16761
3403
25832
32054
2025
2938
20216
10541
28797
23557
28377
6351
5374
1229
2066
12063
30246
22038
3709
28632
1411
30907
25421
10913
30573
23575
16544
6978
12766
10795
15181
31762
24348
23128
26593
3328
16947
16748
28813
3354
29770
25221
12723
8034
13800
24946
8750
14236
8308
25548
1007
29345
27291
17290
25402
17372
21990
17694
21565
6816
23515
24135
16344
9636
31467
10785
12877
31136
10612
9848
16097
31286
18627
21187
11279
14429
10505
27335
27095
20783
6356
14143
26092
4886
21541
29569
29727
26879
4484
12572
28274
21880
1071
27276
21062
15697
17923
6951
26277
10287
27499
4236
7585
29624
25282
29885
28021
25781
19087
18421
24003
24435
16555
18073
4243
20718
627
31202
5041
6646
3998
28822
21220
13099
27845
21723
17947
16427
8240
23049
18914
22797
9688
23748
27429
27134
24459
28521
7635
14635
28280
24754
3607
25485
1465
201
20936
17576
19110
13361
16013
21951
16223
11082
12060
30050
11587
21911
23498
170
24022
26780
6433
4933
16974
15431
3999
16145
6107
25070
1391
3786
19379
30458
27345
3426
15859
28343
28011
23559
5951
31428
30470
1376
9870
27698
7114
6199
6475
20282
16688
28645
23344
31915
30828
12497
1922
9615
10725
21078
22628
27388
29316
30849
5183
28932
32743
19547
6658
21092
21652
25708
8566
4092
8458
19371
2476
18021
20320
30831
24952
18473
16107
4923
11491
5651
23936
18930
24541
27464
747
13163
28070
22405
3993
17123
30739
25142
791
9343
15905
8600
9179
23660
28066
29787
24398
7055
29256
42
1901
16220
26249
22569
8315
5716
17020
1249
6794
10105
19879
27463
13927
17873
23662
32331
11805
13759
21964
2628
11949
14475
19553
7862
4817
3416
14969
13378
11620
7465
19838
19372
15705
26058
25070
31106
873
11614
7899
23193
5782
12150
9884
4975
8695
6746
25814
14958
13974
25788
7693
16795
17517
8220
26060
30188
5186
11682
6457
15656
25144
4085
24061
14384
8783
13460
3472
4237
27162
12034
30351
26360
25339
29887
30194
13624
17722
8739
21965
9108
6325
27283
7435
24093
874
28660
22589
17995
3584
30862
24173
8340
2685
23504
24879
7309
18092
28983
9095
5271
7738
7261
16431
30900
7492
2186
21824
11279
26594
22415
7112
14327
29995
9962
30997
2138
29322
28842
30800
29602
27214
994
9269
21687
31707
6175
25244
7781
16670
30271
23928
4149
12918
5861
12842
7325
13682
1514
2303
31357
32180
467
28517
6383
10601
2628
13726
19791
22111
10139
20501
27346
10974
29628
27551
27706
4073
19280
18882
9052
3074
5981
2570
22274
5284
23723
3336
21147
4681
9353
21738
7914
27150
5018
1769
30613
891
8466
17907
1231
20791
19653
14602
391
3704
5858
187
8208
19755
30633
11050
29684
14406
16240
29192
12749
14273
1716
27420
6284
18021
26580
21193
10872
24734
26446
23757
21716
19049
22166
16272
21337
8925
1832
8924
26269
4449
6789
14011
23943
10468
14395
23601
26747
9399
12051
17255
20563
13664
28602
18891
29949
16162
8950
1845
26993
18284
10766
13042
24607
19324
5882
12397
799
16406
11203
24090
9632
26312
30731
25752
1354
1142
6580
21063
29346
16849
18016
32655
10400
23689
1046
4167
25426
28385
13979
8917
2829
21250
138
16240
17
7650
15274
24272
29680
26541
21137
23129
19313
12427
20281
27212
18006
589
18967
25433
9813
16474
30331
16897
8220
15970
22889
20397
7396
94
24496
27655
28549
16269
28891
24979
16155
19837
30284
14233
27618
7369
30376
21886
2330
11576
989
27650
5677
2627
25957
30355
1473
4856
3031
11925
31293
24208
3451
23059
29309
6747
1322
23169
27283
8563
25055
6596
27936
30498
13353
6547
9972
16
25318
8457
6165
21912
13418
29171
20472
22188
1582
1043
15109
9001
3816
29616
27792
16144
28990
21005
7711
14622
2563
4839
16377
8652
132
4171
25142
26703
20393
12357
8230
24512
27794
3890
15101
24745
6577
31614
13257
6537
6869
16523
5049
2456
11909
29556
357
23587
14415
10359
20264
5020
3427
1335
15178
20233
2928
7959
23449
22409
15662
14664
29423
18183
15398
2370
2586
25231
24443
9162
20412
4266
17634
356
9968
4118
29343
103
17991
9076
24131
11548
19065
7311
11962
3577
8820
17237
12039
5542
5467
21552
25696
13824
5810
22316
22118
25981
14335
32290
7057
30727
15723
5537
13614
726
23290
4372
23722
23044
31194
6102
2255
31427
17236
1128
9455
6725
25028
26227
15079
26387
13705
1549
2874
16125
31920
9424
5603
3767
21737
12398
17233
14488
17398
1167
607
23187
18247
14318
11633
5099
457
27653
5078
29329
12169
6060
18675
744
10054
12378
9083
8574
1634
21060
15096
8014
3749
20405
7842
17261
27032
12816
29282
11010
25304
31295
2255
5348
9653
24001
26257
27535
21539
26806
19980
7016
2568
17972
16565
23929
22410
22084
26589
1088
14662
20492
29660
10202
30698
23738
21731
14171
29925
2138
28488
8220
15304
27257
26353
6358
11168
22041
18842
16444
168
20147
1324
17363
30357
2336
15977
4982
29741
30128
5591
11407
10067
3536
3064
31745
29243
9969
29807
16698
31649
22877
14421
74
20429
24414
20542
26663
32056
4243
29
10401
6792
3815
227
28859
20774
16282
19043
31145
7448
17675
4527
18458
22707
30363
5261
28591
7158
1298
32767
1783
2664
28228
1999
22333
6876
1288
30522
13780
6781
13251
26540
3747
4208
32522
10283
22038
6816
14879
6604
16041
8221
773
28788
5423
5926
569
16950
1927
19938
26556
14115
775
25767
11963
19588
9989
23655
11592
11814
256
22943
32353
18868
32424
3252
11747
25900
26506
21258
30413
15234
2795
6274
14522
2917
20249
17505
26370
24523
21053
21178
28952
7042
18219
8985
2437
13372
684
4211
14783
2087
28878
16459
17900
12345
18711
22907
30445
2330
16899
31636
22173
32705
4306
2329
9514
6662
8710
23228
18548
30224
19450
20149
8077
9576
7871
26493
3784
2504
25076
1490
26953
4310
9122
9416
27497
24198
21337
9248
1855
27730
20255
15991
17487
26145
15007
19383
712
22934
10476
31625
32695
32609
3577
13353
19267
14649
8810
11814
32122
11299
1135
13782
10245
14998
32659
19036
2688
6659
30092
23473
7934
21971
17221
6319
17297
15567
3235
26146
5875
20979
20665
23941
9155
3918
26797
28932
25661
14535
22067
30723
11765
21775
7158
20757
27737
30023
14179
29677
5702
9869
17215
31205
1429
19012
3090
14999
22619
23684
11039
22781
26753
10399
14093
637
4313
17913
8159
6318
29807
21217
1845
23945
7581
31434
11180
26618
8513
1777
2332
19222
22138
13753
15453
8874
29931
17901
9801
14120
17757
10021
7301
2450
7226
18429
24864
20444
5716
957
9840
20434
7079
8635
17971
27280
17458
21988
14150
2987
9662
32336
22630
27808
6548
27072
2351
9540
16631
20982
2825
12830
8796
25834
30609
11479
7698
2010
18926
32498
27604
24912
26720
13884
24519
20237
4504
20635
19123
24714
13168
10319
3198
668
29653
23778
16534
28811
23897
17182
3445
14194
31548
18502
3692
6701
20812
30402
808
2102
27601
13044
1901
19143
2253
2563
31062
21477
7085
8279
29733
30436
7743
32597
24013
29113
25396
11219
28936
5917
13573
8250
7618
31027
14158
12967
8591
23411
12813
20451
23689
25838
25422
14025
411
7682
25087
26562
7876
5532
26469
18085
10048
3932
13428
1149
497
7032
8568
27164
10430
4430
14811
656
23634
13234
6011
26984
240
22336
22394
20701
2606
11817
9379
4416
19841
5163
14818
21116
81
32249
16980
28309
7388
2964
20076
15616
9645
18226
17287
574
32259
9640
4635
19507
1317
5094
7381
1185
11644
24993
22407
6873
17635
19303
1734
24107
1636
25596
26733
27497
29621
13510
26987
19320
26470
5473
12699
5397
18293
11250
29276
20944
31294
14769
18736
3194
15150
29833
28891
5492
14433
4528
1264
27895
2695
17184
9637
12808
396
25407
1502
1513
18321
22867
12322
24233
23296
3096
21347
23268
27965
2365
20319
4865
31295
25942
17749
2154
12777
1513
23412
28000
29403
13215
22065
21407
17503
27970
18559
21655
17033
2716
14684
2709
26495
4728
12332
28275
29444
24240
13480
17315
14703
24516
25988
30040
5290
19863
17139
13676
7436
15596
25000
11873
11071
20988
13329
8005
16204
28389
13684
11596
10640
25671
14964
16176
3403
24202
25968
22242
14771
26726
13046
26745
5763
18964
11505
7907
3527
20197
19439
2209
12073
20203
30684
21946
888
26786
17004
26493
30627
13827
17259
25191
12013
31306
16407
27313
13529
13037
12113
8016
30348
6420
19690
28962
10215
31525
5670
15368
22224
18463
12134
31183
22821
13548
20586
7391
19229
7967
31043
26988
1759
28413
26444
28893
23891
20285
1377
29239
7757
10127
24262
14523
16761
18151
4323
18791
21461
30644
9924
23476
11537
567
8204
8120
7908
11851
6600
25769
12846
15079
26633
31379
30789
10130
464
20082
17843
7826
19599
27457
10071
6700
27224
25864
15260
19337
11578
31539
9267
21537
25465
22587
14400
7696
29740
9072
21468
20970
7016
27924
3486
16768
24295
23289
24690
7275
27620
25602
22
22777
5838
1256
19347
20379
3174
22807
19256
5147
16718
4010
3291
12427
18983
3856
14122
25875
7990
20438
6772
25179
214
1144
11365
23629
5994
21398
21508
6232
1984
28948
13259
6813
32282
184
22355
21832
15518
21228
13387
24281
18162
30878
30716
28475
24759
20509
28273
29057
273
24016
13263
5544
27155
22182
18700
160
25225
27540
6263
23040
28024
948
19744
15102
12720
29419
20069
7792
4686
5286
26283
15874
10595
28433
7685
1409
451
28647
21869
15662
13547
25813
12534
4302
26394
2416
26103
30551
19174
5439
6935
14451
16216
22070
6335
32498
26388
264
24084
16541
11994
10260
1700
14852
11797
14434
27361
7945
21625
2603
12775
29076
29956
12269
18752
18299
12669
24805
1164
14246
19310
16654
17616
1444
11656
602
3308
1802
16578
16629
18627
19383
31977
24802
23492
26761
14713
22130
12474
19052
7593
6947
18455
2005
22689
23517
22806
27779
23138
11096
26134
26823
6447
929
30350
14027
28114
11172
17017
18802
11654
26116
23211
18193
30877
14769
14900
31124
12607
26139
11392
20741
29105
23473
5270
17008
26498
21383
6794
11959
16166
3571
223
30140
18942
2366
28616
1757
18522
13655
7393
16063
16990
23400
11459
27628
3507
3933
18256
7666
9350
9940
19815
24107
30579
25018
6777
20112
4845
13666
3477
21085
13848
9430
2312
18025
28809
21815
15063
20679
2975
20466
17823
2577
7915
283
23137
25456
495
15353
9511
32638
1174
18531
31083
14579
8626
26040
21249
3423
4006
2590
2045
11400
28800
12269
14711
21445
26292
29149
5132
28080
6985
9148
16566
7167
24461
17556
30083
7638
132
31527
30321
9037
23875
12782
18201
31638
25103
30364
20862
23292
31360
3377
27175
32722
31013
7824
22913
28000
25943
22789
1519
17882
14371
21504
27539
13700
14834
6761
7802
3833
13898
22851
2358
4845
24611
28699
12040
22706
23853
26566
10493
15321
22208
9277
24011
24338
18468
408
23406
25768
10553
8169
6226
23204
30637
12324
11181
6703
9046
7044
10569
7101
26713
1987
25456
6887
1570
24672
27872
8494
4038
17552
4849
23795
495
14344
18269
30589
25851
19453
4104
9087
8248
2753
22846
20981
22918
13089
32328
30242
32078
23935
4878
17382
23309
21783
630
21131
496
25110
16839
8026
30194
5318
1044
6891
32523
31036
3440
1884
26172
10639
10610
7942
25987
19058
10444
10468
24525
23788
24173
28978
24221
27930
32242
30508
14401
26715
427
15688
2170
23718
21800
25396
2344
16114
14286
32499
23281
8979
25551
19762
20526
15589
2984
29813
24394
7103
17523
12511
20283
19202
19732
13848
1262
23709
9050
10850
18415
27151
10063
30423
23375
16708
30179
11453
19442
20282
2531
19453
1042
3629
19365
5813
1793
30293
4188
25930
7385
16182
3757
14982
30000
27629
17688
20760
16680
24630
5980
28525
32237
7833
10068
17755
11066
8568
6804
3817
10508
30978
9796
31676
13841
21576
6017
14734
16782
1556
24090
22225
27345
5950
11206
1434
26435
9164
20180
2172
22091
1174
13699
1302
11530
6949
17218
29337
28770
21912
16166
10408
30664
3712
21274
5882
17831
10162
25476
4528
2389
1281
22229
2661
2514
6022
14545
20766
26164
15683
12001
29390
21364
14482
9850
13728
21462
16047
9218
12318
17974
23172
12601
17925
17104
7511
30536
14503
3921
22244
12619
30418
10391
30395
15121
4763
19150
25889
6287
6192
14901
16820
27604
28498
7860
26494
16768
27349
2055
16438
27125
1152
4827
6814
20190
7857
11840
10917
27266
7609
12475
6842
27099
18253
25964
26673
11030
76
6788
31616
14006
13080
9555
10636
20821
23818
26625
14657
31961
15504
28195
30129
26324
17059
7193
22211
21653
23731
7026
4007
20564
24797
6269
29975
27312
32262
23899
11704
22900
5687
7096
32447
21446
14986
785
8350
12098
14344
17549
18854
1611
23072
3763
14415
4929
27260
7632
742
27052
28779
20837
27670
28137
10889
18396
29948
2627
31842
23547
6131
5529
3297
15639
20608
22414
31387
29677
8753
26596
22775
4489
25465
28861
21069
28662
7920
31460
23285
20760
10429
16975
9921
8963
25637
3568
19488
7025
15985
4002
11288
11220
17706
8198
5623
17186
5117
497
13996
5574
9552
31544
14074
9460
16927
9589
22864
25200
26949
24868
17878
16026
12532
2893
13833
10829
25781
23149
32414
25074
9999
180
21171
8820
5588
12940
18120
14525
7823
25628
15311
13973
10522
6058
19481
15341
7062
26601
16266
12395
28815
24020
24564
15367
8209
24912
925
26366
29536
28050
17887
29854
22271
13336
25947
22284
4443
14160
712
23159
2391
29419
19985
27208
25994
26436
32405
7468
26169
27603
2186
19475
15010
15297
14707
2266
25267
32332
29596
19362
9120
518
859
9744
7303
3996
32000
18170
4799
28844
29935
19623
13088
15817
4113
27574
15041
32631
9213
27453
10410
28794
10229
29
5964
15467
12738
29524
15556
13798
18939
17783
14528
3457
18676
23446
1043
18379
32338
26788
10389
1053
18528
18429
4246
7425
32000
18979
4855
26707
31284
15712
7066
29768
30923
710
13602
30962
1304
17481
12868
18029
16917
15636
15394
4862
9044
2269
7951
21050
3445
6528
29611
8347
22423
6340
9442
20417
23648
28072
2215
12140
4732
17600
19813
31115
20318
32338
3091
26497
25965
675
17682
23462
6379
13815
9604
7730
9291
23324
23717
1022
27738
14402
18854
22936
11680
8184
406
17811
21432
1805
13110
30823
31017
12769
31670
11599
22615
1631
5296
23708
15433
10776
20304
17270
20166
24591
20385
28548
28471
11151
24546
16526
28493
23305
24196
31645
23885
5404
3352
32589
30091
18165
17742
12974
30358
14542
9558
22891
9108
1364
31819
17391
7575
18971
21996
16947
18136
24963
14364
4031
3472
12956
27874
14320
3717
27033
31054
10976
31592
4423
7534
18688
25825
14346
18863
13805
31918
15467
24563
7862
6283
7776
264
31776
23516
7748
19875
11129
22811
12098
20642
31854
15942
1237
30627
17481
26498
12747
22031
11657
14751
5644
18226
22687
26500
25091
2950
20354
7173
21584
321
5559
28327
24858
3712
10522
6379
9169
15927
14598
27407
20752
9113
26803
6952
32281
20105
18344
4223
10240
24202
2819
4425
6029
31046
11997
3258
20685
2582
1379
27298
24136
27748
25543
23887
16401
18088
2137
13039
13582
26294
24506
29683
3035
12227
28249
24888
19720
27524
31870
22543
29685
13027
30528
14702
13543
31091
11240
26723
5240
11609
20102
1
25534
30389
7404
3551
25827
7833
29106
8905
24247
1662
29992
15715
21168
29038
4194
12400
15996
4743
31487
17301
9277
31410
24231
17457
17282
19067
32043
19866
5742
18697
17461
11580
1895
17118
21119
22862
19505
21411
10390
24254
17237
21781
9493
20088
25436
20039
22327
13182
24629
4766
25428
22328
20099
19296
10885
15970
15706
12470
15605
21998
15401
528
6507
5722
15356
31096
32222
8920
13625
3412
14284
27924
23066
1619
32182
5539
21808
881
17251
15872
16505
5841
6565
17432
12010
23480
25521
10941
1947
8852
32012
22723
15293
13296
28393
16073
14826
31141
28094
6133
778
11170
27771
7816
14391
26576
14284
28826
19182
804
31849
32013
5993
18904
14791
30423
22544
23660
870
22906
845
27789
26012
3557
4894
16706
6382
27086
7205
477
2376
4974
23423
18835
32709
2913
16824
24900
734
26562
15296
2726
16127
4418
12907
15896
19619
10053
25473
20279
16730
20392
15389
14569
10189
11973
24822
4692
30536
27420
17908
25012
4378
28878
2371
16969
6500
20514
4289
13311
22122
2703
26784
10565
10206
32539
32434
2341
9449
6084
3849
21829
32230
20161
750
12699
28193
23310
20656
9276
32281
23824
3959
30056
21519
30444
14160
12323
2625
3406
9257
21186
6799
24191
13331
4381
14705
28022
13717
745
27743
30592
21072
24157
19809
29972
8815
19028
7387
6416
17305
7609
32695
30582
9927
11385
31414
30214
12993
15494
18177
16605
9414
27416
10690
22172
23073
31677
26280
25144
2102
26727
27991
14545
19243
10895
14005
17230
23814
26721
31126
5417
23560
21118
3404
14046
20015
5100
3000
14277
8144
25790
11693
26940
5191
98
18631
21689
27879
27303
18487
17331
22714
26578
18809
31894
31317
15338
14773
26309
11926
13276
1816
1136
5787
23969
5774
4613
11904
10501
21827
18714
2289
21010
19257
20567
20130
5216
26724
19913
5154
26751
6838
17169
15017
27415
22095
1728
24851
18878
5245
19375
1948
21930
24459
25784
10819
28542
22616
17390
5200
21973
17092
28692
21680
13721
27927
16863
16402
2421
161
5269
6727
23652
31012
27553
25951
28098
6042
22218
9355
19964
7894
16704
10316
20921
8084
19801
14867
29937
11387
25496
21804
24986
7352
7174
3134
25051
20146
9874
5028
19813
26936
6941
13047
12793
12009
27933
14043
14387
19040
12253
8364
13215
21482
30507
18168
8491
21364
13256
22331
12488
25100
12947
28684
18012
8325
11456
15964
25907
7574
1502
23323
31111
22362
8386
19512
19166
28772
24973
12277
13959
931
31408
32743
22569
12322
14824
27937
14629
22788
17881
22243
3254
14134
3996
30870
28426
6350
19960
273
21159
2418
23786
15278
21296
11972
30404
7107
15680
23339
16056
18246
2457
15376
29434
17303
9622
28006
32357
17055
12044
5049
9327
8546
18631
8124
18157
11683
21017
13244
16512
17277
2012
20572
5868
9050
15732
12576
25424
23343
5007
19708
136
3633
24792
15486
19038
5501
623
3668
24673
14227
16578
19323
7910
15395
20868
30932
21765
31894
7995
158
12939
29073
5941
22020
23221
20388
21733
15428
18276
8053
26771
20031
21565
14065
16439
5419
25759
14001
20406
32708
27044
19130
15855
19767
9031
11774
23416
22486
25902
26429
29561
22746
1831
15002
4519
8764
21409
6885
25308
6490
8938
20517
19261
22663
20587
20943
18668
14771
28015
12305
24017
29255
24055
20349
20988
13200
2648
13928
5418
14277
7124
21668
10305
25250
11243
6629
15471
26769
9470
18336
12334
26542
30933
10414
31362
11654
26038
27931
19884
31827
728
3607
22784
22568
31814
4447
14151
16550
30600
22462
10491
10142
9644
28665
6227
7869
20012
29972
15069
21490
22401
7008
6169
14018
12088
25063
21725
18759
6254
31718
26553
21366
14108
11952
31117
19259
14764
29228
25217
21836
11578
5997
7486
2674
25754
28621
12962
21951
7934
25356
22702
14008
8224
15396
4621
24242
16865
22069
21043
18827
1838
1021
4426
17139
9699
30943
9234
20996
19979
2029
30522
17569
22209
15500
11981
24585
8205
2513
17695
9075
9684
22848
18954
83
1763
30122
6518
13030
30197
32231
3648
13568
22128
30813
20642
4569
5211
4796
8207
22784
26638
11274
27413
24602
32386
19568
7749
7351
2103
30667
21930
26491
27172
7718
9744
8921
4109
27726
20868
29744
16801
25070
7708
24895
12939
774
11757
27864
4779
20450
8061
8857
14886
21788
25408
16990
256
27242
31302
25815
11196
28719
25275
13084
20255
22754
6067
3612
2030
21744
31964
8730
32188
371
27834
30964
3896
31578
8340
7549
15171
18671
32161
509
21772
17227
16682
25289
19891
60
6354
10400
24948
20296
20909
27224
22539
2565
5476
31273
20817
15629
23717
9702
20034
4786
4274
22096
26580
14016
16707
21335
13121
9811
17295
4320
166
24421
4582
24043
7457
12094
12134
3894
19879
21442
10235
6530
32537
6889
28031
31242
31567
7814
18991
31570
8472
21840
16304
32291
22459
27335
20456
25513
11475
8944
3811
12798
29736
16030
10477
9656
6081
9532
10646
25187
5841
17790
30833
6930
27290
27
5815
6628
5859
25579
6603
11555
8531
7199
23324
15343
30402
2160
4482
4154
840
6835
9180
31026
537
5266
18098
29119
1885
8644
2925
30332
32280
620
14752
32509
17502
20207
25756
23991
23648
22473
10964
32607
29318
5334
9427
28557
21154
19260
28804
6267
29299
12621
24946
17746
25561
29106
7415
16561
32237
5178
3340
16159
18250
30277
21833
30227
32691
4974
20294
13735
11352
5942
5074
26245
30702
20463
418
844
20195
22834
4056
19714
6763
12299
24295
22213
22590
31014
29107
24812
949
8154
32210
1026
22424
2087
3485
4406
16007
25513
11746
10106
25924
6022
1391
30443
1504
28006
6615
8561
22498
25944
16667
2806
14743
3427
7790
4515
14674
28001
15122
22917
24570
27001
21586
6010
30103
21645
20943
7352
11334
25234
14367
12405
10443
29177
23441
22498
2582
1692
5820
26852
30845
7300
20979
27784
2887
4179
25840
29607
31817
22761
1614
8597
2545
32545
4706
32292
10508
29098
28308
28458
19649
13405
25391
16991
2492
14623
18575
27558
15521
17815
28156
2066
1472
13513
5661
28270
19231
939
18
21725
12828
3815
2741
19947
11277
18397
11925
27699
16376
26475
20953
7443
30501
26350
25420
27921
13428
24576
20306
17535
15458
8179
16744
15990
4123
31756
19589
31365
30235
2615
22401
9441
27006
11281
21804
2035
16085
25909
7297
3092
12204
5546
3107
2329
28380
21998
21525
24375
25784
11922
11533
1228
8770
17205
31985
25113
10322
31355
21741
17292
15912
26888
22917
27410
11205
15614
26749
8202
6411
18486
9613
6389
20465
31357
28707
19595
23180
22808
1862
23460
9622
24220
31573
25019
28083
12406
18717
22743
26538
3795
24517
10874
32050
1042
2663
7198
18604
25504
17140
17286
20359
20344
8636
2006
6173
26001
14014
11181
9733
21565
6654
6263
30381
8386
32338
30187
14936
10285
19562
26013
25451
21688
9561
20158
22886
32263
8536
14164
11969
12519
17388
3057
14138
31755
27300
1887
16537
21911
21650
28863
10812
28413
330
29253
13776
7013
24692
7415
29602
26603
14557
30139
7862
27870
6218
20186
27000
2166
20183
15114
27459
12217
24869
30781
13706
13022
22732
242
19827
22790
24514
24575
1120
2021
28901
5721
21666
30550
21988
13789
24720
21199
24536
707
10981
29948
10020
30904
10120
5017
25645
8390
22264
30834
14445
9327
16501
75
28857
11136
10781
31926
25402
18556
32147
5562
8053
32583
21371
30852
26777
19844
14333
31399
17641
16947
30909
4355
3835
21348
3637
28725
31287
31886
4922
4566
21370
12674
791
1099
30805
26809
1781
27973
31967
18539
9191
28631
10495
18350
12449
14811
13481
1886
32166
24091
1501
12294
14088
12674
30287
195
22381
26818
17783
19376
27112
9456
16261
32652
32253
11971
24739
13618
13151
22027
4225
17349
26619
21914
18395
7447
11444
14012
4325
25821
11357
17928
30264
6559
17479
20843
28556
28198
18297
4311
27234
4706
15237
29623
11052
9004
19091
21853
30369
5695
12055
18978
12633
8088
24566
25429
8027
21283
23859
23861
1839
23931
2076
17187
26395
23116
23
12175
32414
207
23636
22749
24227
24976
28349
24426
563
6780
8437
23400
21195
26437
13719
7567
19598
7812
12493
2660
25298
9377
31886
30325
20878
5850
28583
479
31576
29911
5938
661
11242
18445
31667
20241
1044
297
20639
10220
12304
15753
15800
20297
32652
26692
3275
6854
1512
28723
24943
442
882
31100
25822
23013
6641
22829
25099
28505
25199
4697
20305
30757
25988
25151
21515
16447
9030
9028
6814
21772
18509
30637
9410
30815
25313
18085
14627
23829
24341
7641
18815
23949
7965
31408
5100
2518
28888
6532
19906
22574
24279
20331
12438
4350
18673
3273
9556
22524
15211
2569
29994
15430
15903
12041
21987
24322
9720
29816
10606
18656
11623
3234
1834
8697
16386
4571
28304
23906
7959
25027
29634
31519
2069
15792
19392
29110
14682
3618
23
1662
23892
23650
26798
14225
23805
7052
15890
21908
7098
30237
9919
3956
13033
6571
29129
4361
610
16293
8210
21664
6930
25482
21608
5241
23555
5564
3878
17595
11678
7232
20800
725
19097
20385
10896
7610
24262
13843
30683
6547
23235
24258
13536
8748
10203
19036
13629
24143
26115
6214
20487
22556
16250
7882
32501
13393
22310
20309
32503
17073
11713
8866
6005
17428
23359
14405
4990
27992
197
9466
22438
31887
17453
15411
26051
13375
20632
1188
22321
6056
16863
24662
1231
26475
24255
5596
20190
9848
24650
19939
8204
5565
19621
16720
6931
9622
22371
23188
19816
14687
21613
3094
18004
28644
2229
17928
21803
16563
19747
27883
26698
31427
15152
879
15863
24760
31604
10455
4214
22010
25440
26153
12004
6397
23552
10488
22553
7913
7612
26712
16611
7054
20396
20768
13282
1646
24855
2844
31337
24780
6133
8780
32033
16763
13628
14445
14170
15177
27957
974
3813
5055
11955
14960
13094
23649
7306
29640
30931
16775
16746
22139
19351
26541
12432
25794
10562
31430
12053
15722
21858
20776
17748
18366
23100
14202
20903
32766
17993
11272
6679
10329
18509
3603
19780
1016
21236
24907
19423
22671
27419
32116
7931
7236
29903
5722
7294
17448
16633
25255
24466
8069
13115
797
9968
7847
1976
7790
30999
3746
24448
7864
7806
5078
32627
2584
818
8823
30873
11171
13715
5122
22699
4430
28276
22107
9499
24456
6317
23380
5865
27241
16377
18076
20419
11667
25679
13519
23448
4116
16152
27953
264
21940
14885
7822
20384
17022
9751
30340
3109
28808
13297
14158
6564
874
24929
26691
16113
24575
5850
28887
24751
19671
31279
32035
8777
1439
11099
8301
9636
3222
32704
16149
8037
22088
21161
4032
24054
31476
31319
13217
11405
12926
16822
20408
29398
29929
6198
10855
29884
738
4560
16721
2224
9501
25319
21749
17322
5942
10765
4935
27573
29671
8154
19856
23741
13774
14031
5760
21348
9906
6105
31828
7108
3689
12377
20013
18216
24428
21846
8680
14154
5612
30616
25944
18261
28051
1579
17447
14800
13339
30284
11681
21209
22449
32186
1166
25242
3874
9492
26433
5729
2752
1343
10757
31088
1459
32325
13569
10975
19753
27018
15264
14602
3977
13301
26476
10174
30631
10131
24894
29575
16630
8205
168
29164
25477
28095
19871
20794
28626
6347
3677
9888
1251
29415
15318
607
20131
20526
20366
8043
18683
670
2362
2868
22344
27265
27531
4154
30009
6792
3770
8221
5275
9420
10753
22977
26600
25680
692
14296
7125
27326
5558
5884
20437
19016
30499
21895
23708
16960
20853
8170
25840
8006
21379
25322
16731
2587
14303
16514
20606
8787
19272
3357
10826
13877
249
11223
1313
1550
9367
29404
4760
27862
9983
30887
25755
18158
20697
30526
13764
4546
7540
1274
4980
30020
6104
2163
23423
7292
15806
9612
21987
29705
21935
10893
25097
31194
31618
23144
15171
24080
16647
32722
31839
6065
498
2748
29508
13137
21992
17259
26571
5618
28430
16288
21431
20717
17857
11164
17648
16666
26890
19019
10105
11281
20943
16049
30272
3348
23693
1585
14538
7222
22832
10060
14733
32459
3481
22456
10360
5252
9945
6379
4630
4445
15587
8861
3946
15780
2662
20571
24886
20139
6211
30791
12940
25483
24957
29882
5530
22343
17226
30310
23332
16876
18564
5789
24131
22299
29785
23247
29357
25470
15604
23935
24053
20744
11876
27257
24817
4952
16690
29481
25116
23506
5270
17574
12309
25714
11976
8120
5708
1000
20282
15911
10311
7480
8653
21498
30639
16825
10923
1940
17163
22258
138
2282
6158
5551
29208
13651
8881
14869
3660
22225
28286
21699
29566
12204
32668
13826
5751
4656
10924
16035
3398
8487
10904
739
20406
27381
21428
29677
28245
16219
8989
6410
510
674
9317
2781
3430
23362
31410
203
24091
26988
24717
9294
12852
19559
10379
32515
16101
31429
25907
14300
620
23860
13930
3327
3849
15783
27810
15210
29078
28415
22236
19251
23456
6259
21805
9243
11810
2564
19157
16960
7221
11737
19257
22825
13432
32677
27985
817
14288
29592
18871
22640
20485
13825
18913
6872
2035
4765
19043
1578
26833
16181
3008
16332
9948
1423
12852
16111
6088
4769
10364
16447
17735
2053
23574
20508
9280
2183
4017
21151
4272
27292
21541
9081
6540
23407
7290
11290
2183
8456
14190
29586
19923
10666
7920
16215
6020
5372
30929
3411
27395
20062
10209
31964
29693
5452
24338
23764
4464
6835
14843
14180
17614
20129
19191
23804
27843
9031
20749
28819
3096
8252
32637
12415
672
30364
14272
23455
30234
20620
27604
20426
2883
4293
16345
32304
10562
25309
18377
5923
22558
15731
32304
19841
6690
20585
16990
26390
2631
6593
31705
6095
20357
25368
27785
29472
4059
12121
10751
26850
10408
31996
14815
619
28408
8846
26316
5709
27538
582
25189
31840
14721
30858
25753
5802
13967
13747
15423
6899
4664
16110
7412
1122
1197
16121
28991
1275
15890
21797
12854
16425
5435
31630
26456
28746
20296
22185
7579
27011
28269
22417
9055
22356
27162
7321
12885
17506
7946
5998
21973
25650
22485
15665
31115
29271
27510
17056
27069
5370
21851
26874
6698
24671
20182
31690
17761
14837
19320
524
10985
11
5751
7613
3133
12266
26161
19595
4952
16188
20047
26295
19586
2232
8262
11677
30322
21683
32391
1446
1707
8217
28263
24370
4414
16249
19609
31917
25233
23946
23979
15908
24428
29549
13008
9982
3405
6442
29091
22396
19478
24695
27449
2853
20842
15114
27313
17296
26854
31701
8969
26530
30322
24031
2798
28025
17544
6621
7042
12784
15149
25401
25467
18089
16630
12700
6713
28615
20351
19766
28382
2998
32040
28286
19831
5756
26545
18525
11262
30594
19996
17019
17440
19815
32125
15144
25031
29596
19053
29714
8749
26590
27709
19530
15736
20429
22336
25435
4710
17572
3820
25382
3765
12009
25482
6239
11907
26316
6052
14527
24604
2183
7076
24896
24454
2304
1238
7906
12937
29214
17999
9702
28276
12319
612
10276
11530
3903
12540
10699
31097
17203
4393
20178
24196
25860
7746
23227
31304
25090
6523
7465
11581
15369
8347
20871
8465
3944
10851
31036
30627
13127
18353
23654
23278
1101
31493
14705
25921
19594
19423
21871
14381
16106
8310
32344
24901
12957
5396
4184
8709
8003
5491
20787
17539
7341
20958
8303
1375
32142
13049
18287
499
20738
9055
3744
32044
4863
26143
11510
7455
4585
11819
9928
19774
18341
25301
27601
9476
23255
11015
31201
20385
4288
970
26662
27629
21487
16299
18268
3670
21689
31779
32664
9788
24996
31188
9977
30620
25893
11039
13378
32225
1580
754
3561
32540
21490
22090
25889
12930
17820
21464
12659
21133
25836
28954
3937
190
3913
9848
15183
5050
19369
573
18408
2287
21417
11808
26689
12739
12863
7592
7725
30609
3936
1668
30500
12582
21085
5175
30895
321
30144
24797
29621
16543
25693
21134
5905
8869
14935
21478
27820
24265
12311
2793
4302
30795
17212
16225
9369
30687
30918
19377
3843
18998
28606
28049
7062
27281
10964
7981
7193
20701
14070
7579
19652
8334
27321
27923
12897
18878
7573
22653
14568
9672
6797
16330
13147
19822
11238
22047
19351
30552
819
23633
32321
1215
17904
13066
4844
28433
30887
22397
30646
7350
14727
9840
21274
4385
20531
2826
5832
27625
25860
12866
15275
11429
11128
9787
2985
15009
31670
12110
31998
23816
23265
2011
2477
4451
9040
1445
12879
14864
11086
26742
26399
30893
31827
25435
7200
7930
715
14181
5036
19147
12867
8236
20129
30551
14937
29447
3293
20432
3754
978
30218
25851
15403
394
16832
23183
5131
3693
24863
24467
20641
8227
1364
28673
31348
7231
10413
7064
17853
14981
4205
16691
8037
22478
23421
13066
11171
9816
32529
31398
29534
19802
5940
30457
30456
26596
25340
21181
19201
27549
27791
22463
24082
9376
11599
16292
23676
6592
25795
957
14818
20989
24895
6683
909
20033
20373
24783
29352
17877
22501
11114
29394
28138
27417
25468
13439
23109
7271
32155
2342
31560
23464
20654
6138
16743
5947
31932
23236
13107
8500
8585
25087
21707
11848
10344
636
26243
20585
20069
5884
20756
6990
29615
7502
15924
29584
5239
24806
27306
75
23888
30367
7585
2840
30892
14779
17651
27680
18258
8329
22379
25190
22759
26395
22010
17914
22616
12207
21249
4305
24372
3833
9093
19660
10403
8354
13842
3715
2642
17046
15347
6839
5761
7886
6682
21095
7731
28476
30218
26291
6190
20669
18261
30673
29181
27567
22630
13739
18446
11162
11800
26593
9254
31485
9283
29750
24737
13056
27185
29992
24486
12121
11265
13800
18045
3647
3855
26643
4730
23424
3706
9791
12405
30414
762
8329
19214
15103
25207
19799
25926
12169
3689
16484
14795
2830
30954
32752
10950
30984
17938
7368
25162
3607
11406
20321
8977
24467
20154
23720
21572
26730
9739
28020
2429
13409
30132
11297
20477
5784
29622
3365
9766
18268
5588
22809
21405
5193
30488
26099
29248
29210
24604
7463
10352
5313
14260
22354
31768
26078
28233
8059
217
27422
19896
9519
25863
32170
26851
24335
28605
2881
3178
23797
13457
15299
18512
22057
21171
2687
27490
11811
10192
29920
15947
27894
14881
2974
30952
28940
10165
13921
17276
14326
10006
27990
26225
16319
13698
17837
4634
4940
14115
8583
32127
25937
1168
17513
26547
26716
3680
29625
5379
7933
9336
1747
25737
6941
20696
20857
1665
18064
24386
3793
24045
6324
31125
18141
32393
1432
30372
13333
6511
7947
12551
32349
17078
1038
26609
7622
2340
17974
8548
31730
5766
27289
10111
21630
29869
18830
16989
8568
8400
22156
14830
4101
23248
18012
5932
7654
14587
1426
1493
12307
27280
26886
17245
16577
29642
31115
26291
7828
20679
27947
28698
4657
3756
3851
21279
18015
9485
13251
26362
27103
24194
22587
18787
23425
18319
10550
25225
26630
3291
17977
6180
5651
2571
13286
24235
23470
16974
13825
22789
13218
1197
21042
11729
20193
29434
17499
21528
12502
30720
717
14202
1610
8468
18479
24223
28181
28469
12553
653
6403
21796
20127
30642
5700
5889
26804
15980
25329
22902
11066
6536
25253
30943
16986
25068
1553
4525
13747
7682
24327
6412
4502
21205
24616
32597
31473
10575
10940
15556
2687
23046
30871
13972
31619
5348
16630
7143
1445
13669
19333
19750
15025
23879
11046
28465
22267
14832
3150
6823
7707
17267
2177
1786
23853
24720
21062
12322
25321
31369
28950
5329
25370
3808
23905
23656
2701
25942
12272
30957
22370
3734
30716
24973
6962
18625
20294
11528
15197
6473
15416
11104
25990
26396
12513
22289
19134
21675
17887
4746
23376
11074
21996
14334
14631
21456
23292
9516
11461
3436
18904
25075
15145
23128
4381
15073
24361
15331
21114
29504
11764
6526
19233
2431
4380
32047
15159
16111
27570
9798
28891
25175
32371
29093
10908
15353
4183
5471
18994
21311
5782
11432
28321
22981
19213
30306
15830
22430
30355
2548
5242
10591
21277
23492
31418
5742
15336
15305
20789
17385
17768
24460
2749
23442
3782
9742
5847
17552
6617
5015
29209
32630
28068
25600
31895
21313
5137
8063
31606
12525
28817
28728
3393
18464
28737
31822
3152
11151
1465
2661
11448
9917
31302
23301
24418
30207
5421
4893
30877
15367
19512
9446
10905
26516
20230
15799
1223
28621
21913
32649
21165
31348
30580
6484
11249
7956
32181
6401
21453
29555
15977
10292
4406
7091
19802
7479
13738
2379
20635
14493
27507
31056
12674
32281
23339
16856
26974
26475
32735
19637
15130
846
7659
23362
27120
16730
7004
2148
2989
10335
12545
28477
12031
16869
29004
21058
18722
2607
21602
12242
25135
10439
31360
9105
23784
14532
29397
19498
5003
19529
7706
25581
13506
2118
19767
8757
279
15850
10044
10742
5803
23119
11321
8081
4604
30841
1645
436
10540
23881
261
5124
13505
15837
12156
5594
27940
4313
22120
32600
4670
19870
5284
28272
14766
10754
4507
1424
25572
25099
6874
6294
18719
28757
31267
24662
26907
12894
32317
3889
123
13834
27115
31538
21851
3512
20180
2927
17262
8882
10096
29759
10185
18687
2182
23135
26535
17967
3175
6118
20066
11271
16302
978
6047
30656
11812
31603
28556
7190
3018
21562
25371
21382
20301
2879
0
23992
32462
25269
8032
8479
20888
294
8461
4282
24325
30057
7501
1684
133
21731
9540
28407
28034
15814
19845
30801
12918
7304
26808
17232
5214
32538
19384
25267
10209
25353
8408
30408
3876
19141
829
17679
11703
6858
31416
2662
19328
30563
22426
6391
18066
21686
21572
31018
120
27620
2631
28695
18810
2355
9161
1648
25340
13367
16319
25919
10484
24085
27183
25874
21862
21509
22784
16691
21330
22418
178
20023
8688
20023
14952
18123
28570
17734
8010
27469
11673
25816
27861
19547
8913
28208
14141
10460
9353
25432
25569
26608
2981
16401
19772
20014
31027
14831
13741
7043
24699
27509
31262
3964
14767
18687
4177
30752
21744
12704
16163
15408
18757
7622
24387
193
14654
15582
14415
29520
24560
24812
31561
17767
11948
20260
7961
16147
21277
19584
10581
24580
20972
3093
22821
18698
21101
8822
11933
4710
6878
12630
9813
25570
18710
27409
18711
24290
5927
9667
18259
21181
9981
21714
18677
27437
5060
1524
31420
8979
32075
6144
24150
14824
24744
21936
21416
29258
6355
27475
22244
18919
738
204
6863
11661
21588
6173
13860
14050
32285
26207
14978
22124
3244
15449
11930
20486
30568
9331
13578
31236
30148
25217
14746
28169
23536
12678
6506
14427
9109
16436
27573
23669
15577
29746
18335
15414
15384
1621
4717
22630
25048
23648
24815
17619
5993
9428
12884
26968
15825
1251
30230
16205
10886
6700
24926
15526
24682
73
27015
17240
28087
12685
20969
23276
912
9929
3933
19002
24439
19190
1898
29223
15368
24214
29559
19686
22961
12186
28832
18131
5871
29132
21494
25329
30685
27914
1408
16676
25105
27357
10941
6463
12699
22133
19824
14163
27496
7474
30816
16501
749
18414
2315
21678
2838
6552
6538
1230
11819
20273
27454
22231
23543
22042
3367
16040
24210
25205
4375
19814
9373
31317
15798
9768
19766
23712
21523
21275
12638
12486
23263
2640
24903
22179
7908
21427
14019
26945
394
12797
3012
15153
23315
6522
21064
14087
32558
32505
13664
30637
23707
29787
8454
12434
5057
8649
12652
19117
32447
32455
23491
12531
26599
13201
8546
30334
27635
27767
12997
30851
12704
11073
27517
2412
13220
29913
10581
24664
1556
14553
1671
12576
29507
26016
12764
10209
21580
30838
23163
32732
32105
15689
12193
7228
23634
26941
20157
13656
30788
817
20120
2372
1341
12940
24646
18147
12182
19444
8597
2028
13710
18889
31813
21745
26522
28862
7884
3283
8655
15865
26767
11698
21140
20573
12332
13863
34
24349
3557
4612
26813
947
10206
5765
5225
10598
13127
16016
13520
4781
23950
14796
23939
7032
4601
6635
20158
24082
19935
5220
1151
23738
27088
32564
32676
11442
10205
28519
4423
31392
31050
1941
30547
7924
25531
21106
23323
32521
286
10800
23349
8911
30625
15088
14803
28735
29643
27408
8843
5479
15993
14350
22083
3175
909
31075
8004
28006
32588
29639
13512
