11179
32631
2654
12823
10797
9621
31846
18089
4093
13128
25881
25481
28776
18313
1898
21200
30859
8008
13917
5228
32601
22611
16088
5634
31437
16240
30351
14444
20773
2763
19455
3299
8308
16207
26014
28063
8840
8557
9046
5901
31266
20085
30176
25048
24446
24097
19640
29298
14457
7423
10970
121
13607
10954
13830
31702
19244
20811
20517
13158
3911
3485
17497
16042
10203
14521
10670
30246
21411
138
9211
18901
31993
20774
12152
10607
18583
29279
20838
3560
6779
6092
32173
10410
18830
10058
2793
20986
1584
19654
6077
14341
4079
19738
26396
25250
903
20505
11479
26593
29298
7026
25807
29982
5160
31188
25326
8430
6011
9654
31908
8845
25977
2211
11301
14078
29385
2845
12469
15523
3354
18999
2560
3077
8158
14566
11328
19536
12053
18670
6385
5883
21569
12089
27989
8951
13197
7848
18242
25754
19238
27839
7298
12376
6521
23667
14949
18282
16279
32230
5533
13029
1832
4656
16836
23774
6630
27190
15179
18315
11315
31308
7839
29420
31831
27883
19630
17748
11576
15724
4378
29220
18705
12456
26398
3855
10213
13560
6914
23214
4890
17490
32199
13512
16342
10792
23555
414
24088
3645
31819
16446
26364
18654
7562
3786
7078
24464
3604
23557
2738
18901
19985
29596
5704
28373
28584
179
31455
32235
28503
30469
1019
23715
31004
19863
31392
17946
5342
9217
26780
448
7116
10818
26327
21220
9616
15144
22014
12721
25218
21495
1329
27717
20178
22380
84
13535
13083
20065
24511
6065
2639
21700
18221
4770
28216
20033
19702
17990
11842
856
7042
13507
1027
6557
18434
4504
13263
5319
16291
29354
3358
17961
27257
27277
24810
13262
19041
10393
27661
20179
15014
31196
28699
5029
24247
28652
45
10145
21317
26939
13430
18749
18346
111
32028
22781
1434
23854
3795
26929
19771
2834
28276
2294
27492
10469
3611
14077
22952
15119
688
7706
20847
32395
31586
25312
3231
22060
6426
1196
19731
10760
3596
21305
28703
8517
28592
17552
25136
17892
2543
25771
16078
27564
9287
26887
28021
11672
1906
26873
28294
11018
18179
21039
10402
19171
11173
6717
7598
18214
17271
20572
61
20646
22358
639
1373
15427
2541
20981
25611
14476
31838
1920
9250
22025
10498
28229
2911
14975
888
25137
7598
4214
24500
12376
27280
10938
15774
26439
4527
23
8443
28783
10565
6965
21152
17514
13731
31331
2251
26794
3416
15734
13696
30907
25335
1045
5858
30223
24328
16807
25744
15807
32275
14069
4011
14163
22537
27541
14440
26626
7067
28060
21824
2089
21491
14079
13858
12200
23800
17108
1433
6747
29087
5531
11348
27785
6238
31421
5507
27943
13782
30262
1027
30081
29110
2516
32270
31751
14955
1032
12686
8890
731
11453
27386
25098
10670
4330
6933
748
31260
19158
11365
20286
31367
14561
20533
22463
30211
22011
30772
20557
1354
24841
8601
25877
1408
14686
30423
15294
16979
5597
4407
26616
28386
28094
4557
15992
17030
9604
3225
19211
28766
12611
22585
15718
8416
29139
30951
1896
29108
6381
29061
23446
27349
31694
12226
1992
29345
18639
11083
25585
32244
11529
23831
18868
2040
7156
5876
5097
31225
20445
1277
20121
24688
10739
13580
916
13961
32152
12086
12818
24767
15057
17817
2102
14322
7860
1928
7265
27802
5000
30496
11846
18645
30140
25766
972
646
26749
14283
15819
32400
23678
7774
743
18775
15531
14187
483
2108
16275
7476
4478
17313
8976
13107
13494
22850
21890
31342
30736
3536
3907
10928
18583
29073
3786
7485
19710
4145
9417
11070
6382
2185
327
14818
23156
8324
2258
20360
16204
27094
9284
9916
19667
27579
30531
31633
16905
31819
17303
12346
30065
8899
27641
29111
23580
30982
15825
12310
20355
23910
2550
10628
19483
10483
15500
11109
12788
14310
6803
19616
19555
9726
28783
9547
3670
25010
12588
2810
26801
3229
15508
17441
7620
22238
19985
24909
13941
1621
23981
14315
20007
1322
11982
746
52
32349
11850
20770
26134
21289
20030
2146
8401
10193
23551
3870
20274
11710
22379
26941
23037
10585
28709
24531
17188
17896
8450
22543
29235
9360
10914
19674
11183
7783
22467
1646
20845
3239
26225
12630
25333
6036
9629
13931
18963
23374
7437
27195
7114
12814
2730
23024
30500
2369
17880
14510
18917
5009
17276
11339
5021
18461
14535
27041
32160
18633
23763
23142
4191
7528
26822
23173
11131
26651
28256
8758
14543
28789
19194
11975
24784
21410
2003
1962
31627
14072
6643
32465
9049
22895
21333
4604
2726
22014
23471
2283
8439
26327
24048
24038
20883
14381
14169
4696
5468
31176
91
748
30829
27432
18231
7740
6347
30855
14276
20322
20252
26395
26314
9074
25228
11677
20112
4665
11161
5976
19280
15910
535
4566
11298
12179
12475
270
1298
13601
13896
3957
9454
14319
20313
10326
32351
25393
23843
217
22626
23560
23441
18782
22992
2087
31499
13890
18541
13276
27980
26381
19135
1046
29068
23683
30061
28677
3419
9645
16642
4921
13076
11837
30269
27836
1565
12180
26898
18413
17280
14412
23618
5454
1005
3597
18693
16676
24924
7611
12706
10077
10466
17307
15911
16760
20134
6694
31293
27343
762
7313
14210
24662
19577
25573
9008
32132
14764
4283
6497
21336
556
23423
11779
4278
28681
4293
8771
565
17011
17718
9190
7248
7395
6903
31670
14773
15410
21812
31359
23530
2979
16580
18694
26872
14418
19290
13097
2207
22896
30410
25853
32046
4410
15725
29855
11622
17735
24604
8321
10152
21690
20312
25841
12713
5245
21760
16136
18165
21342
1800
28494
14188
26572
21843
24161
20427
20096
22423
7105
21803
19456
28673
3322
7302
23087
6483
28780
26004
30679
1281
24789
7305
9328
29100
1940
16492
14578
19172
25633
30673
5021
25415
27120
18098
11877
15950
11980
7435
6127
32545
4818
19629
9037
25452
7076
25316
6723
24636
10049
29950
1637
31150
17357
32231
29159
18099
26958
14249
32145
22586
1036
21928
18306
18345
20370
15001
22024
17463
9548
23927
2119
13244
10431
20800
29610
18826
24088
17529
170
26951
32073
6852
30639
23588
32271
12175
4186
24619
31390
20847
27870
7066
24347
12006
9200
326
25502
15125
1878
28556
29605
1414
20538
17272
12187
14947
30924
29827
7063
12228
5760
30330
613
32634
26746
