0
1
4
8
11
16
16
17
18
22
23
23
27
29
29
34
35
41
42
45
60
61
66
73
74
75
75
76
81
83
84
94
95
98
99
103
109
109
113
114
115
118
119
119
120
123
132
132
133
136
138
138
138
158
158
160
161
161
161
166
168
168
170
178
180
184
187
189
190
193
195
197
201
202
203
204
207
212
214
217
217
219
220
223
227
228
240
242
244
249
250
256
256
259
261
264
264
264
266
270
273
273
276
279
279
282
283
286
289
294
297
298
303
320
321
321
323
330
344
346
356
357
363
367
371
376
379
386
388
391
394
394
396
396
406
408
410
411
416
418
418
422
427
428
434
436
437
442
445
445
447
451
453
457
463
464
467
471
477
479
480
495
495
496
497
497
498
499
506
508
509
510
510
518
524
528
537
540
543
547
562
563
564
567
569
573
574
576
577
578
582
589
595
601
602
607
607
610
612
613
614
619
620
620
621
623
627
630
636
637
637
644
649
652
653
654
656
661
665
665
665
668
670
672
674
675
684
684
692
693
698
707
708
710
711
712
712
715
717
725
726
727
728
734
738
738
739
739
742
743
744
745
747
749
749
750
753
753
754
759
762
767
770
773
774
774
775
776
778
782
785
790
791
791
791
797
799
804
808
812
817
817
818
819
823
826
829
838
840
844
845
846
857
859
859
859
863
868
869
870
871
873
874
874
879
881
882
888
891
909
909
912
912
924
925
929
929
931
939
940
947
948
949
956
957
957
970
974
977
978
978
980
980
989
991
994
1000
1007
1012
1016
1017
1021
1022
1026
1037
1038
1042
1042
1043
1043
1044
1044
1046
1048
1052
1053
1053
1055
1068
1071
1088
1091
1097
1099
1101
1103
1107
1109
1113
1116
1120
1122
1122
1126
1128
1128
1134
1135
1136
1139
1142
1142
1143
1144
1149
1151
1152
1164
1166
1167
1168
1171
1174
1174
1183
1185
1188
1197
1197
1202
1215
1223
1228
1229
1230
1231
1231
1237
1238
1240
1244
1248
1249
1249
1251
1251
1256
1258
1262
1264
1274
1275
1281
1282
1283
1288
1295
1296
1298
1300
1302
1304
1308
1313
1314
1317
1321
1322
1323
1324
1325
1328
1332
1335
1341
1343
1345
1346
1350
1354
1360
1364
1364
1368
1370
1375
1375
1376
1377
1379
1391
1391
1404
1408
1409
1411
1413
1423
1424
1426
1429
1432
1432
1433
1434
1437
1438
1439
1444
1445
1445
1446
1459
1465
1465
1472
1473
1478
1479
1481
1490
1493
1501
1502
1502
1504
1512
1513
1513
1514
1519
1519
1524
1530
1537
1549
1550
1553
1555
1556
1556
1559
1560
1570
1578
1579
1579
1580
1582
1582
1583
1585
1605
1607
1610
1611
1614
1619
1619
1620
1620
1621
1627
1631
1632
1634
1636
1636
1637
1645
1646
1648
1651
1660
1662
1662
1663
1664
1665
1665
1666
1668
1671
1679
1684
1688
1692
1695
1700
1701
1701
1707
1708
1716
1717
1721
1725
1728
1734
1735
1736
1740
1747
1757
1759
1761
1762
1763
1769
1771
1777
1781
1783
1783
1786
1788
1793
1798
1798
1800
1802
1803
1803
1805
1816
1821
1823
1831
1832
1834
1838
1839
1845
1845
1855
1857
1862
1867
1871
1871
1877
1884
1884
1885
1886
1887
1888
1895
1898
1901
1901
1901
1910
1917
1921
1922
1923
1927
1932
1933
1936
1939
1940
1941
1944
1947
1948
1949
1963
1963
1970
1970
1976
1984
1987
1999
2001
2003
2005
2006
2008
2010
2011
2012
2020
2021
2025
2028
2029
2030
2031
2034
2035
2035
2045
2053
2055
2062
2066
2066
2066
2069
2072
2076
2087
2087
2088
2092
2102
2102
2103
2114
2114
2118
2133
2137
2138
2138
2146
2148
2154
2160
2163
2163
2166
2169
2170
2172
2173
2175
2177
2181
2182
2183
2183
2183
2186
2186
2192
2193
2198
2209
2209
2215
2224
2229
2231
2232
2232
2239
2247
2247
2253
2255
2255
2266
2269
2272
2282
2283
2285
2287
2289
2299
2301
2302
2303
2304
2312
2315
2315
2327
2329
2329
2329
2330
2330
2332
2336
2336
2340
2341
2342
2344
2346
2351
2355
2358
2362
2365
2366
2366
2370
2370
2371
2372
2373
2376
2379
2382
2384
2389
2391
2406
2412
2416
2418
2421
2426
2429
2431
2431
2436
2437
2437
2450
2451
2453
2456
2457
2476
2477
2484
2485
2485
2489
2490
2492
2492
2504
2506
2507
2513
2514
2518
2521
2531
2534
2545
2548
2554
2560
2563
2563
2564
2565
2568
2569
2570
2571
2572
2576
2576
2577
2577
2578
2579
2582
2582
2584
2586
2587
2588
2590
2590
2598
2603
2603
2606
2607
2615
2615
2619
2625
2627
2627
2628
2628
2631
2631
2640
2642
2648
2650
2660
2661
2661
2662
2662
2663
2664
2674
2685
2687
2687
2688
2695
2701
2703
2709
2715
2716
2716
2720
2726
2732
2741
2748
2749
2752
2753
2765
2778
2781
2788
2789
2793
2795
2797
2798
2799
2799
2806
2818
2819
2820
2821
2824
2825
2826
2829
2830
2832
2835
2838
2839
2840
2844
2844
2851
2853
2854
2864
2868
2871
2874
2879
2881
2881
2883
2887
2893
2896
2905
2910
2912
2913
2917
2925
2927
2928
2929
2935
2938
2947
2950
2953
2956
2959
2961
2964
2964
2965
2966
2971
2974
2975
2981
2981
2981
2984
2985
2987
2989
2990
2998
3000
3003
3006
3008
3012
3018
3022
3031
3035
3043
3053
3053
3057
3059
3061
3064
3066
3068
3070
3074
3079
3090
3091
3092
3092
3093
3094
3094
3095
3096
3096
3107
3107
3109
3129
3133
3133
3134
3139
3139
3150
3152
3167
3169
3169
3174
3175
3175
3175
3177
3178
3184
3194
3198
3199
3206
3207
3211
3221
3222
3227
3234
3235
3237
3242
3244
3252
3254
3258
3260
3269
3273
3273
3275
3277
3283
3283
3291
3291
3293
3293
3297
3308
3327
3328
3331
3336
3338
3340
3342
3347
3348
3352
3354
3355
3357
3358
3365
3367
3377
3381
3389
3390
3393
3398
3403
3403
3404
3405
3406
3408
3411
3412
3414
3416
3423
3426
3427
3427
3430
3430
3436
3440
3445
3445
3451
3451
3457
3458
3461
3469
3472
3472
3477
3481
3484
3484
3485
3486
3486
3506
3507
3512
3527
3536
3544
3547
3551
3557
3557
3559
3561
3564
3568
3571
3573
3577
3577
3584
3603
3607
3607
3607
3609
3612
3617
3618
3626
3629
3633
3637
3641
3645
3647
3648
3660
3668
3670
3677
3680
3682
3689
3689
3692
3693
3696
3704
3705
3705
3706
3709
3712
3712
3712
3715
3717
3718
3734
3736
3744
3746
3747
3749
3753
3754
3756
3757
3763
3765
3767
3770
3771
3782
3784
3786
3789
3793
3795
3801
3808
3809
3811
3813
3813
3815
3815
3816
3817
3820
3824
3830
3831
3833
3833
3834
3835
3838
3843
3843
3846
3849
3849
3851
3855
3856
3856
3874
3876
3878
3889
3890
3894
3894
3896
3903
3913
3918
3920
3921
3932
3933
3933
3936
3937
3940
3940
3944
3946
3947
3948
3956
3958
3959
3964
3966
3968
3976
3977
3977
3977
3981
3990
3993
3993
3996
3996
3998
3999
4002
4006
4007
4008
4010
4010
4017
4022
4025
4029
4030
4031
4032
4037
4038
4046
4056
4059
4073
4073
4085
4092
4093
4097
4098
4101
4104
4109
4109
4113
4116
4116
4118
4123
4131
4135
4137
4140
4145
4147
4149
4149
4152
4153
4154
4154
4160
4167
4168
4171
4177
4179
4183
4184
4188
4194
4200
4202
4205
4208
4211
4211
4214
4217
4218
4223
4223
4225
4236
4237
4237
4243
4243
4246
4247
4252
4266
4266
4267
4272
4273
4274
4281
4282
4284
4287
4288
4289
4292
4293
4302
4302
4304
4305
4306
4310
4311
4313
4313
4320
4323
4325
4350
4355
4355
4356
4360
4361
4372
4375
4375
4378
4380
4381
4381
4381
4385
4393
4406
4406
4411
4414
4414
4416
4418
4418
4423
4423
4425
4426
4430
4430
4430
4431
4443
4445
4447
4449
4451
4454
4454
4455
4464
4482
4484
4486
4489
4494
4495
4502
4504
4507
4514
4515
4519
4520
4525
4527
4528
4528
4546
4560
4560
4566
4568
4569
4569
4570
4571
4582
4585
4585
4593
4598
4599
4601
4604
4607
4612
4613
4617
4621
4626
4630
4634
4635
4643
4644
4647
4656
4657
4664
4670
4671
4678
4681
4686
4691
4692
4692
4697
4706
4706
4710
4710
4717
4728
4729
4730
4732
4733
4734
4737
4740
4743
4746
4746
4755
4760
4763
4765
4766
4769
4769
4778
4779
4781
4786
4791
4792
4796
4797
4799
4817
4823
4827
4836
4837
4839
4839
4844
4845
4845
4849
4849
4855
4856
4862
4863
4865
4865
4878
4884
4886
4893
4894
4896
4900
4901
4903
4906
4914
4919
4922
4923
4929
4933
4935
4940
4942
4950
4951
4952
4952
4954
4964
4968
4970
4973
4974
4974
4975
4980
4982
4982
4986
4987
4988
4990
5003
5007
5015
5017
5018
5020
5028
5036
5041
5049
5049
5050
5055
5056
5057
5058
5060
5074
5074
5078
5078
5094
5094
5099
5100
5100
5106
5109
5117
5117
5122
5124
5127
5128
5131
5131
5132
5137
5137
5142
5142
5147
5149
5151
5154
5160
5162
5162
5163
5175
5178
5180
5183
5186
5191
5191
5193
5195
5200
5205
5208
5211
5212
5214
5216
5220
5224
5225
5239
5240
5241
5242
5245
5245
5252
5261
5266
5266
5269
5270
5270
5271
5275
5284
5284
5286
5290
5294
5294
5295
5295
5296
5296
5310
5313
5318
5319
5322
5329
5334
5335
5348
5348
5359
5365
5365
5370
5370
5370
5372
5374
5379
5379
5380
5391
5396
5397
5402
5403
5404
5406
5417
5418
5419
5419
5421
5423
5435
5435
5435
5437
5437
5439
5446
5448
5452
5456
5467
5471
5473
5476
5479
5481
5484
5490
5491
5492
5501
5517
5528
5529
5530
5532
5537
5538
5539
5542
5544
5546
5551
5558
5559
5562
5563
5564
5565
5574
5582
5588
5588
5589
5591
5594
5594
5596
5596
5603
5604
5612
5614
5618
5623
5644
5651
5651
5659
5661
5670
5674
5677
5682
5687
5693
5695
5700
5701
5702
5708
5709
5716
5716
5718
5721
5722
5722
5724
5729
5737
5742
5742
5751
5751
5756
5760
5761
5763
5765
5766
5768
5774
5782
5782
5784
5785
5787
5789
5792
5802
5803
5810
5813
5815
5820
5830
5832
5838
5838
5840
5841
5841
5843
5843
5847
5848
5850
5850
5851
5858
5858
5859
5860
5861
5865
5868
5871
5871
5871
5874
5875
5877
5882
5882
5883
5883
5884
5884
5889
5890
5892
5900
5905
5917
5922
5923
5924
5926
5927
5932
5938
5940
5941
5942
5942
5942
5947
5950
5951
5964
5980
5981
5981
5992
5993
5993
5994
5997
5998
6005
6010
6011
6017
6018
6020
6022
6022
6022
6029
6042
6044
6045
6047
6052
6056
6056
6058
6060
6065
6067
6070
6081
6082
6084
6088
6088
6094
6095
6102
6103
6103
6104
6105
6107
6113
6114
6118
6131
6133
6133
6138
6141
6144
6146
6156
6158
6159
6160
6164
6164
6165
6165
6169
6170
6172
6173
6173
6175
6175
6180
6190
6192
6195
6198
6199
6211
6214
6218
6221
6226
6227
6232
6239
6254
6259
6263
6263
6266
6267
6269
6274
6276
6283
6284
6287
6288
6294
6300
6304
6317
6318
6319
6324
6325
6326
6328
6329
6331
6334
6335
6336
6340
6347
6350
6351
6354
6355
6356
6358
6362
6363
6366
6367
6379
6379
6379
6380
6382
6383
6385
6389
6391
6397
6401
6403
6408
6410
6411
6412
6416
6416
6420
6428
6431
6433
6437
6442
6447
6457
6460
6460
6463
6470
6471
6473
6475
6478
6484
6486
6489
6490
6493
6498
6499
6500
6501
6506
6507
6511
6518
6521
6522
6523
6526
6527
6528
6530
6532
6536
6537
6538
6540
6547
6547
6548
6549
6552
6559
6561
6564
6565
6567
6571
6577
6580
6592
6593
6596
6600
6603
6604
6611
6615
6617
6619
6621
6628
6629
6635
6640
6641
6641
6646
6648
6650
6653
6654
6654
6654
6658
6659
6662
6679
6682
6683
6689
6690
6692
6697
6698
6700
6700
6701
6703
6713
6714
6722
6724
6725
6725
6727
6728
6731
6739
6740
6746
6747
6759
6760
6761
6763
6769
6772
6772
6777
6780
6781
6788
6789
6792
6792
6794
6794
6794
6795
6797
6799
6804
6809
6813
6814
6814
6816
6816
6816
6820
6823
6830
6834
6835
6835
6838
6839
6842
6850
6850
6854
6858
6863
6869
6869
6872
6873
6874
6875
6876
6878
6885
6887
6889
6891
6891
6899
6910
6930
6930
6931
6935
6941
6941
6942
6944
6947
6949
6950
6951
6951
6952
6962
6967
6970
6972
6973
6978
6985
6990
6999
7004
7007
7008
7013
7016
7016
7019
7021
7025
7025
7026
7032
7032
7033
7035
7040
7042
7042
7043
7044
7044
7052
7052
7054
7055
7057
7062
7062
7063
7064
7066
7071
7076
7079
7085
7091
7093
7096
7096
7098
7101
7103
7107
7108
7112
7113
7114
7121
7122
7124
7125
7136
7143
7143
7144
7158
7158
7164
7167
7169
7173
7174
7175
7190
7193
7193
7195
7198
7199
7200
7205
7210
7220
7221
7222
7225
7226
7227
7228
7231
7231
7232
7236
7253
7259
7261
7266
7271
7275
7280
7289
7289
7290
7292
7294
7297
7300
7301
7303
7304
7306
7309
7311
7320
7321
7325
7336
7338
7341
7350
7351
7352
7352
7352
7359
7361
7368
7369
7375
7377
7377
7381
7385
7387
7387
7388
7390
7391
7393
7396
7396
7402
7402
7404
7404
7412
7415
7415
7416
7425
7435
7436
7438
7443
7447
7448
7455
7457
7461
7463
7465
7465
7468
7474
7479
7480
7481
7486
7492
7501
7502
7511
7518
7519
7534
7535
7540
7549
7564
7567
7573
7574
7575
7576
7579
7579
7581
7585
7585
7592
7593
7596
7597
7598
7601
7609
7609
7610
7612
7612
7613
7618
7618
7620
7622
7622
7623
7627
7632
7635
7638
7641
7645
7650
7652
7654
7659
7660
7661
7665
7666
7667
7669
7682
7682
7685
7689
7693
7696
7698
7702
7706
7707
7708
7711
7714
7716
7718
7725
7730
7731
7731
7732
7738
7743
7746
7748
7749
7749
7757
7757
7765
7768
7769
7772
7773
7776
7781
7781
7781
7790
7790
7792
7793
7802
7806
7812
7814
7816
7822
7823
7824
7826
7828
7833
7833
7836
7839
7842
7847
7849
7857
7860
7862
7862
7862
7864
7869
7871
7873
7876
7876
7882
7884
7886
7894
7894
7899
7904
7906
7907
7908
7908
7910
7913
7914
7915
7920
7920
7921
7924
7926
7930
7931
7932
7933
7934
7934
7938
7939
7942
7945
7946
7947
7951
7951
7955
7956
7959
7959
7960
7961
7962
7963
7965
7967
7971
7971
7973
7976
7980
7981
7990
7995
7997
8003
8004
8005
8006
8009
8009
8010
8014
8016
8020
8026
8027
8027
8032
8033
8034
8037
8037
8039
8043
8053
8053
8057
8059
8061
8063
8068
8069
8077
8080
8081
8084
8088
8091
8098
8106
8106
8118
8119
8120
8120
8124
8124
8126
8131
8140
8144
8144
8148
8154
8154
8154
8159
8169
8169
8170
8179
8184
8185
8185
8186
8187
8198
8201
8202
8204
8204
8205
8205
8207
8208
8209
8210
8213
8217
8220
8220
8220
8221
8221
8224
8227
8230
8230
8236
8238
8240
8248
8250
8252
8262
8265
8279
8280
8292
8301
8303
8308
8310
8315
8318
8325
8329
8329
8334
8340
8340
8347
8347
8350
8354
8355
8357
8359
8360
8364
8375
8377
8386
8386
8390
8392
8393
8400
8407
8408
8426
8430
8434
8437
8447
8447
8449
8454
8454
8456
8457
8458
8461
8461
8465
8466
8468
8472
8479
8484
8487
8489
8491
8491
8494
8500
8513
8521
8531
8536
8546
8546
8548
8561
8563
8563
8564
8566
8566
8568
8568
8568
8568
8574
8577
8583
8585
8591
8597
8597
8600
8601
8620
8626
8632
8635
8636
8638
8640
8644
8649
8652
8653
8655
8658
8669
8679
8680
8685
8688
8690
8691
8695
8697
8700
8700
8709
8710
8717
8723
8729
8730
8737
8739
8746
8748
8749
8750
8751
8753
8754
8757
8758
8760
8764
8766
8770
8777
8780
8780
8783
8787
8792
8796
8799
8810
8812
8815
8818
8820
8820
8820
8822
8822
8823
8826
8838
8843
8846
8850
8852
8856
8857
8861
8866
8869
8874
8881
8881
8882
8884
8886
8892
8893
8905
8908
8911
8913
8917
8920
8921
8924
8925
8931
8931
8932
8934
8938
8942
8944
8949
8949
8950
8955
8963
8968
8969
8970
8977
8979
8979
8979
8985
8985
8989
8998
9000
9001
9004
9024
9025
9028
9030
9031
9031
9037
9040
9044
9046
9050
9050
9052
9055
9055
9063
9072
9072
9075
9076
9080
9081
9083
9087
9093
9095
9105
9108
9108
9109
9111
9113
9120
9122
9126
9127
9148
9155
9161
9162
9163
9164
9168
9169
9179
9180
9181
9185
9191
9204
9206
9213
9218
9220
9225
9234
9236
9240
9243
9248
9254
9254
9257
9265
9267
9269
9270
9271
9276
9277
9277
9280
9283
9287
9291
9294
9299
9301
9317
9327
9327
9331
9333
9336
9341
9342
9342
9343
9347
9350
9353
9353
9355
9364
9367
9369
9369
9373
9376
9376
9377
9379
9384
9387
9393
9399
9401
9410
9414
9416
9420
9424
9426
9427
9428
9430
9430
9441
9442
9446
9449
9453
9455
9456
9460
9462
9466
9470
9474
9476
9485
9488
9490
9492
9493
9499
9501
9508
9511
9513
9514
9514
9516
9519
9520
9523
9525
9532
9534
9540
9540
9541
9547
9552
9555
9556
9558
9560
9561
9571
9576
9589
9603
9604
9610
9612
9613
9615
9615
9616
9622
9622
9622
9624
9629
9632
9636
9636
9637
9640
9644
9645
9653
9656
9658
9660
9662
9667
9668
9672
9674
9684
9686
9688
9692
9695
9699
9702
9702
9708
9710
9716
9720
9728
9733
9738
9739
9740
9742
9743
9744
9744
9751
9762
9766
9768
9787
9788
9791
9796
9798
9798
9799
9801
9811
9813
9813
9815
9816
9823
9823
9829
9840
9840
9848
9848
9848
9850
9850
9857
9857
9869
9870
9873
9874
9884
9888
9891
9896
9896
9905
9906
9915
9916
9917
9919
9921
9924
9925
9927
9928
9929
9933
9940
9944
9945
9945
9948
9962
9965
9968
9968
9969
9971
9972
9976
9977
9977
9981
9982
9982
9983
9989
9989
9991
9995
9999
10006
10015
10020
10021
10044
10048
10053
10054
10056
10057
10057
10060
10063
10065
10067
10068
10069
10071
10096
10096
10105
10105
10106
10108
10111
10120
10120
10127
10130
10131
10139
10140
10142
10142
10151
10153
10162
10165
10168
10174
10185
10187
10187
10189
10192
10201
10202
10203
10205
10206
10206
10209
10209
10209
10210
10213
10215
10220
10223
10229
10230
10235
10240
10242
10245
10245
10249
10260
10268
10269
10273
10276
10283
10283
10285
10286
10287
10292
10296
10298
10305
10311
10312
10316
10319
10322
10329
10335
10344
10352
10354
10359
10360
10364
10368
10379
10389
10390
10391
10399
10399
10399
10400
10400
10401
10403
10404
10404
10408
10408
10410
10413
10414
10428
10429
10430
10432
10439
10440
10442
10443
10444
10451
10455
10460
10464
10468
10468
10471
10473
10476
10476
10477
10482
10484
10488
10491
10493
10495
10501
10503
10505
10508
10508
10513
10520
10522
10522
10533
10539
10540
10541
10541
10545
10550
10553
10562
10562
10565
10569
10572
10574
10575
10576
10581
10581
10591
10592
10595
10598
10601
10604
10606
10610
10612
10617
10623
10636
10637
10639
10640
10646
10659
10660
10660
10666
10674
10679
10686
10690
10690
10694
10696
10696
10699
10725
10726
10727
10742
10745
10751
10753
10754
10757
10765
10766
10772
10776
10781
10781
10781
10784
10785
10795
10800
10802
10807
10811
10812
10814
10819
10822
10826
10829
10830
10836
10837
10850
10851
10855
10857
10872
10874
10885
10885
10886
10889
10893
10895
10896
10903
10904
10905
10907
10908
10913
10914
10917
10922
10923
10924
10926
10926
10931
10933
10940
10941
10941
10950
10951
10952
10964
10964
10965
10974
10975
10976
10976
10981
10984
10985
10985
10991
10992
10992
10995
11010
11015
11016
11020
11030
11031
11039
11039
11046
11050
11052
11066
11066
11068
11071
11073
11074
11075
11079
11082
11086
11096
11096
11098
11099
11100
11104
11114
11114
11128
11129
11136
11151
11151
11155
11162
11162
11164
11166
11168
11170
11171
11171
11172
11180
11181
11181
11188
11189
11192
11194
11196
11203
11205
11206
11216
11216
11218
11219
11219
11219
11220
11223
11223
11238
11240
11240
11242
11243
11243
11249
11250
11253
11260
11262
11264
11265
11265
11271
11272
11274
11277
11279
11279
11281
11281
11281
11286
11288
11290
11290
11297
11299
11321
11321
11334
11348
11349
11352
11357
11365
11373
11385
11387
11388
11392
11398
11400
11402
11403
11404
11405
11406
11407
11412
11418
11429
11432
11436
11440
11442
11443
11444
11448
11453
11454
11456
11459
11461
11469
11471
11474
11475
11479
11491
11505
11510
11521
11528
11530
11530
11533
11534
11535
11537
11538
11548
11551
11555
11558
11574
11575
11576
11578
11578
11578
11580
11581
11587
11591
11592
11593
11596
11599
11599
11599
11609
11614
11618
11620
11623
11628
11631
11633
11633
11644
11644
11654
11654
11656
11657
11660
11661
11667
11667
11673
11677
11678
11680
11681
11682
11683
11684
11684
11687
11693
11698
11703
11704
11704
11707
11713
11716
11717
11718
11722
11729
11729
11730
11732
11737
11746
11747
11751
11757
11757
11761
11764
11765
11766
11772
11774
11790
11791
11795
11797
11800
11805
11808
11810
11811
11812
11814
11814
11817
11819
11819
11819
11832
11832
11840
11841
11848
11851
11855
11864
11870
11872
11873
11873
11876
11880
11880
11884
11884
11892
11894
11900
11902
11904
11907
11909
11922
11925
11925
11926
11930
11932
11933
11943
11946
11948
11949
11952
11955
11955
11959
11962
11963
11969
11971
11972
11973
11976
11981
11990
11994
11997
11999
12001
12004
12009
12009
12010
12013
12017
12031
12034
12039
12040
12041
12044
12051
12053
12054
12055
12060
12063
12072
12073
12084
12088
12094
12096
12096
12098
12098
12101
12106
12108
12110
12113
12119
12120
12121
12121
12128
12130
12134
12134
12135
12140
12140
12142
12147
12148
12149
12150
12156
12157
12169
12169
12171
12175
12182
12184
12186
12193
12199
12199
12201
12204
12204
12204
12207
12208
12214
12217
12227
12234
12242
12244
12253
12255
12264
12266
12269
12269
12271
12272
12277
12279
12289
12294
12299
12304
12305
12306
12307
12309
12309
12311
12318
12319
12322
12322
12322
12323
12323
12324
12325
12332
12332
12334
12345
12357
12359
12377
12378
12384
12392
12393
12395
12397
12398
12400
12401
12402
12404
12405
12405
12406
12414
12415
12427
12427
12432
12434
12438
12449
12470
12474
12475
12485
12486
12488
12493
12497
12501
12502
12503
12511
12513
12519
12525
12531
12532
12534
12539
12540
12545
12548
12551
12553
12556
12561
12563
12567
12572
12576
12576
12582
12586
12601
12607
12619
12621
12630
12633
12638
12644
12646
12652
12656
12658
12659
12660
12663
12669
12674
12674
12674
12678
12681
12682
12682
12685
12688
12699
12699
12699
12699
12700
12704
12704
12713
12720
12723
12733
12737
12738
12739
12742
12743
12747
12749
12755
12763
12764
12766
12766
12769
12775
12777
12782
12784
12791
12791
12793
12797
12798
12808
12813
12816
12821
12828
12830
12842
12846
12852
12852
12854
12858
12859
12863
12866
12867
12868
12871
12877
12877
12878
12879
12884
12885
12894
12896
12897
12898
12899
12903
12906
12907
12907
12915
12918
12918
12919
12926
12928
12929
12930
12934
12935
12937
12939
12939
12939
12940
12940
12940
12947
12951
12952
12953
12954
12955
12956
12957
12962
12963
12967
12972
12974
12989
12993
12997
13003
13005
13008
13009
13009
13022
13027
13030
13030
13033
13037
13039
13039
13042
13044
13046
13047
13047
13049
13056
13066
13066
13068
13080
13084
13088
13088
13089
13094
13099
13107
13110
13113
13115
13115
13121
13126
13127
13127
13137
13147
13151
13152
13156
13163
13168
13180
13181
13182
13197
13200
13200
13201
13210
13211
13215
13215
13217
13218
13219
13220
13220
13228
13234
13241
13244
13251
13251
13256
13257
13259
13263
13265
13268
13275
13276
13276
13276
13282
13286
13296
13297
13301
13301
13311
13316
13319
13324
13329
13331
13332
13333
13335
13336
13339
13343
13348
13353
13353
13361
13367
13372
13374
13375
13378
13378
13383
13387
13387
13393
13405
13409
13418
13421
13428
13428
13428
13432
13435
13439
13457
13460
13480
13481
13489
13492
13504
13505
13506
13510
13512
13513
13519
13520
13529
13536
13541
13543
13547
13548
13550
13552
13568
13569
13573
13577
13578
13580
13582
13592
13602
13614
13614
13615
13616
13618
13624
13625
13625
13627
13628
13629
13650
13651
13655
13656
13657
13659
13664
13664
13666
13669
13676
13682
13684
13689
13691
13698
13699
13700
13705
13706
13710
13715
13717
13719
13721
13726
13728
13732
13735
13738
13739
13739
13741
13747
13747
13751
13753
13756
13757
13759
13759
13764
13772
13774
13776
13780
13782
13789
13798
13800
13800
13805
13808
13815
13824
13825
13825
13826
13827
13829
13833
13834
13835
13838
13841
13841
13842
13842
13843
13848
13848
13860
13863
13869
13870
13871
13871
13877
13884
13894
13898
13912
13916
13921
13925
13925
13927
13928
13930
13959
13960
13967
13969
13972
13973
13974
13975
13979
13988
13996
14001
14005
14006
14008
14011
14012
14014
14016
14018
14019
14025
14027
14031
14033
14043
14045
14046
14050
14065
14070
14073
14074
14087
14088
14091
14093
14103
14104
14108
14115
14115
14115
14120
14122
14123
14128
14131
14134
14138
14138
14141
14143
14144
14150
14151
14154
14158
14158
14160
14160
14162
14163
14164
14164
14170
14171
14178
14179
14180
14181
14190
14193
14194
14202
14202
14225
14225
14227
14233
14236
14246
14249
14253
14260
14272
14273
14277
14277
14284
14284
14286
14288
14294
14296
14296
14298
14300
14303
14307
14307
14313
14318
14320
14320
14323
14325
14326
14327
14330
14331
14333
14334
14335
14344
14344
14346
14350
14352
14364
14367
14371
14374
14375
14376
14381
14384
14387
14391
14395
14400
14401
14402
14405
14406
14415
14415
14415
14415
14416
14421
14427
14429
14433
14434
14436
14445
14445
14446
14449
14451
14456
14475
14476
14482
14484
14487
14488
14493
14503
14507
14509
14510
14512
14512
14521
14522
14523
14525
14525
14527
14528
14529
14532
14532
14535
14538
14538
14542
14545
14545
14553
14553
14557
14566
14566
14568
14568
14569
14572
14576
14579
14586
14587
14598
14598
14602
14602
14609
14611
14617
14622
14623
14625
14627
14629
14631
14635
14649
14654
14657
14662
14664
14666
14666
14674
14682
14684
14687
14687
14688
14694
14702
14703
14704
14705
14705
14706
14707
14711
14713
14713
14721
14727
14730
14733
14734
14735
14743
14746
14751
14752
14764
14766
14766
14767
14769
14769
14771
14771
14773
14779
14783
14787
14791
14795
14796
14800
14803
14804
14811
14811
14815
14815
14818
14818
14823
14824
14824
14826
14830
14830
14831
14832
14834
14834
14837
14843
14850
14852
14852
14864
14867
14867
14869
14877
14879
14881
14885
14886
14890
14900
14900
14901
14901
14902
14925
14934
14935
14936
14937
14952
14957
14958
14960
14963
14964
14966
14969
14970
14978
14979
14981
14982
14986
14989
14998
14999
15002
15005
15005
15007
15009
15010
15017
15021
15025
15026
15033
15041
15041
15046
15052
15058
15063
15064
15067
15069
15073
15079
15079
15088
15096
15101
15102
15103
15106
15107
15109
15113
15114
15114
15121
15122
15130
15144
15145
15147
15149
15150
15151
15152
15153
15159
15162
15169
15171
15171
15175
15177
15178
15181
15183
15189
15193
15197
15201
15203
15208
15210
15211
15211
15220
15230
15234
15237
15248
15260
15261
15264
15267
15272
15274
15275
15278
15278
15286
15293
15296
15297
15299
15303
15304
15305
15307
15311
15318
15321
15331
15332
15334
15336
15338
15339
15341
15341
15343
15347
15353
15353
15356
15359
15362
15367
15367
15368
15368
15369
15376
15384
15389
15394
15395
15396
15398
15401
15403
15408
15411
15412
15414
15416
15421
15423
15423
15424
15424
15428
15430
15431
15433
15444
15447
15449
15453
15458
15466
15467
15467
15471
15471
15479
15486
15487
15494
15500
15504
15518
15518
15521
15522
15523
15526
15529
15531
15533
15551
15556
15556
15566
15567
15577
15582
15587
15589
15596
15598
15604
15605
15614
15616
15619
15629
15636
15639
15642
15656
15662
15662
15665
15665
15667
15673
15675
15676
15680
15683
15687
15688
15689
15690
15697
15697
15699
15705
15706
15708
15712
15715
15722
15723
15731
15732
15736
15738
15744
15746
15748
15753
15753
15759
15760
15760
15777
15779
15780
15782
15783
15792
15798
15799
15800
15806
15814
15817
15825
15830
15835
15837
15846
15850
15851
15855
15859
15863
15865
15865
15872
15874
15875
15890
15890
15896
15897
15903
15905
15905
15908
15908
15909
15911
15912
15921
15924
15925
15926
15927
15934
15942
15947
15950
15964
15965
15970
15970
15972
15973
15977
15977
15979
15980
15985
15990
15991
15993
15996
15997
16000
16007
16013
16016
16025
16025
16026
16026
16030
16035
16040
16041
16047
16049
16052
16056
16060
16063
16066
16073
16082
16084
16085
16097
16097
16101
16105
16106
16106
16107
16108
16110
16111
16111
16113
16114
16118
16120
16121
16125
16127
16134
16140
16141
16144
16145
16147
16149
16150
16152
16155
16158
16159
16161
16162
16163
16166
16166
16172
16176
16178
16179
16180
16181
16182
16188
16190
16191
16204
16205
16206
16206
16215
16216
16216
16218
16219
16220
16223
16225
16230
16240
16240
16242
16249
16250
16251
16261
16263
16265
16266
16269
16269
16269
16272
16282
16283
16287
16288
16292
16293
16296
16299
16302
16303
16304
16305
16317
16319
16319
16319
16330
16332
16338
16340
16344
16345
16350
16352
16368
16372
16375
16376
16377
16377
16379
16386
16386
16394
16401
16401
16401
16402
16406
16406
16407
16410
16412
16425
16425
16427
16430
16431
16436
16438
16438
16439
16444
16444
16447
16447
16452
16459
16466
16474
16477
16484
16501
16501
16505
16512
16514
16523
16526
16528
16534
16537
16537
16541
16543
16544
16550
16552
16555
16561
16562
16563
16565
16566
16568
16577
16578
16578
16578
16578
16586
16603
16605
16611
16612
16619
16620
16620
16629
16630
16630
16630
16631
16633
16633
16638
16641
16647
16654
16666
16667
16670
16676
16680
16682
16688
16689
16690
16690
16691
16691
16698
16704
16706
16707
16708
16709
16712
16713
16718
16719
16720
16720
16721
16729
16730
16730
16731
16731
16733
16742
16743
16744
16746
16746
16748
16750
16761
16761
16763
16763
16765
16768
16768
16775
16781
16782
16782
16786
16793
16795
16801
16805
16817
16818
16820
16822
16824
16825
16832
16839
16844
16849
16854
16856
16860
16863
16863
16865
16866
16869
16873
16876
16882
16888
16892
16897
16897
16899
16900
16917
16927
16932
16936
16946
16947
16947
16947
16950
16960
16960
16969
16974
16974
16974
16975
16980
16984
16986
16988
16989
16990
16990
16990
16991
17004
17008
17011
17015
17017
17019
17020
17022
17031
17033
17035
17037
17039
17046
17054
17055
17056
17059
17068
17073
17076
17078
17085
17092
17098
17100
17104
17105
17105
17107
17118
17123
17123
17133
17135
17139
17139
17140
17145
17153
17155
17163
17169
17171
17176
17176
17182
17184
17186
17187
17192
17203
17205
17207
17208
17209
17212
17215
17218
17221
17226
17227
17230
17232
17233
17236
17237
17237
17240
17245
17249
17251
17255
17255
17259
17259
17261
17262
17267
17267
17270
17276
17277
17278
17278
17282
17285
17286
17287
17290
17292
17295
17296
17297
17301
17302
17303
17305
17305
17311
17314
17315
17320
17321
17322
17331
17333
17340
17346
17349
17363
17364
17371
17372
17382
17383
17385
17388
17390
17390
17391
17398
17405
17428
17432
17437
17440
17447
17448
17449
17453
17453
17456
17457
17458
17461
17465
17471
17472
17473
17479
17481
17481
17484
17485
17487
17489
17494
17499
17502
17503
17505
17506
17513
17515
17517
17523
17528
17535
17536
17539
17544
17549
17551
17552
17552
17556
17569
17572
17574
17574
17576
17584
17588
17595
17600
17600
17614
17616
17619
17620
17625
17634
17635
17641
17644
17648
17650
17651
17671
17675
17679
17681
17682
17688
17690
17694
17695
17698
17706
17720
17720
17722
17722
17726
17734
17735
17742
17742
17746
17748
17748
17749
17752
17755
17757
17761
17763
17767
17768
17782
17783
17783
17790
17802
17804
17810
17811
17815
17816
17820
17823
17825
17826
17827
17831
17837
17839
17843
17849
17853
17857
17858
17865
17873
17876
17877
17878
17881
17882
17883
17887
17887
17887
17889
17900
17901
17904
17905
17907
17908
17913
17914
17918
17923
17925
17925
17928
17928
17938
17939
17940
17947
17960
17964
17967
17971
17972
17974
17974
17975
17977
17991
17993
17995
17999
18001
18004
18006
18012
18012
18013
18015
18016
18021
18021
18025
18029
18037
18045
18061
18064
18066
18067
18073
18074
18076
18080
18080
18085
18085
18088
18089
18092
18092
18092
18098
18101
18108
18113
18119
18120
18121
18123
18127
18130
18131
18132
18136
18141
18147
18147
18151
18157
18158
18162
18165
18168
18169
18170
18170
18177
18182
18183
18184
18188
18193
18201
18203
18208
18211
18211
18216
18219
18219
18224
18226
18226
18238
18246
18246
18247
18250
18253
18256
18258
18259
18261
18261
18264
18268
18268
18269
18276
18284
18287
18288
18293
18297
18299
18303
18313
18317
18319
18321
18327
18335
18336
18340
18341
18341
18342
18344
18346
18346
18350
18353
18355
18362
18363
18366
18367
18374
18377
18379
18381
18395
18395
18396
18397
18400
18408
18413
18414
18415
18419
18421
18421
18429
18429
18433
18445
18446
18446
18455
18458
18463
18464
18468
18473
18479
18486
18487
18499
18502
18509
18509
18509
18512
18514
18517
18522
18522
18524
18525
18525
18526
18528
18528
18530
18531
18532
18539
18539
18546
18548
18556
18559
18561
18564
18574
18575
18577
18581
18589
18591
18593
18595
18600
18601
18602
18604
18620
18625
18625
18627
18627
18631
18631
18646
18648
18649
18650
18651
18654
18655
18656
18662
18667
18668
18668
18669
18671
18673
18675
18676
18677
18678
18679
18683
18687
18687
18688
18689
18689
18692
18696
18697
18698
18700
18704
18710
18711
18711
18714
18717
18719
18722
18736
18736
18741
18744
18752
18757
18758
18759
18771
18774
18781
18787
18791
18793
18797
18797
18802
18804
18809
18810
18812
18815
18825
18826
18827
18830
18835
18837
18837
18842
18843
18852
18854
18854
18863
18866
18868
18871
18874
18875
18876
18878
18878
18878
18882
18889
18891
18899
18900
18902
18904
18904
18912
18913
18914
18914
18916
18919
18922
18924
18926
18930
18939
18940
18942
18943
18954
18963
18964
18967
18971
18978
18979
18983
18991
18994
18994
18998
19000
19002
19011
19012
19016
19016
19019
19025
19028
19028
19036
19036
19038
19038
19040
19043
19043
19049
19052
19053
19058
19065
19067
19069
19074
19080
19082
19087
19091
19096
19097
19109
19110
19112
19114
19117
19123
19130
19134
19140
19141
19143
19144
19147
19149
19150
19151
19157
19157
19166
19174
19176
19181
19182
19190
19191
19193
19194
19201
19202
19213
19214
19222
19229
19231
19233
19238
19243
19247
19251
19256
19257
19257
19259
19260
19261
19267
19272
19278
19280
19280
19280
19287
19290
19294
19296
19297
19298
19303
19310
19313
19316
19320
19320
19323
19324
19326
19328
19329
19333
19337
19340
19341
19343
19343
19347
19351
19351
19353
19358
19362
19365
19369
19371
19372
19375
19376
19377
19379
19383
19383
19383
19384
19387
19388
19392
19398
19402
19404
19408
19409
19410
19412
19414
19415
19423
19423
19428
19432
19434
19439
19442
19444
19447
19447
19450
19452
19453
19453
19455
19455
19475
19477
19478
19481
19488
19492
19494
19496
19498
19499
19499
19502
19504
19505
19507
19512
19512
19514
19518
19527
19529
19530
19540
19547
19547
19553
19559
19562
19567
19568
19576
19577
19584
19586
19588
19589
19590
19594
19595
19595
19595
19598
19599
19609
19615
19615
19619
19621
19623
19634
19636
19637
19649
19652
19653
19660
19664
19670
19671
19677
19685
19686
19690
19700
19706
19708
19708
19708
19714
19717
19720
19732
19744
19747
19750
19753
19755
19762
19764
19766
19766
19767
19767
19772
19774
19780
19784
19790
19791
19794
19795
19796
19799
19800
19800
19801
19802
19802
19805
19809
19813
19813
19814
19815
19815
19816
19822
19824
19827
19831
19833
19837
19838
19840
19841
19841
19841
19842
19843
19844
19845
19848
19854
19856
19863
19865
19866
19870
19871
19875
19878
19879
19879
19884
19884
19886
19891
19896
19898
19906
19913
19914
19920
19923
19935
19938
19939
19943
19947
19960
19964
19964
19971
19979
19980
19985
19996
19996
19996
19999
20011
20012
20013
20014
20015
20017
20023
20023
20023
20030
20031
20033
20034
20037
20039
20039
20039
20047
20051
20055
20058
20062
20064
20066
20069
20069
20076
20082
20083
20088
20095
20098
20099
20102
20105
20112
20117
20120
20122
20127
20129
20129
20129
20130
20130
20131
20139
20140
20141
20146
20147
20149
20149
20154
20156
20157
20158
20158
20161
20166
20166
20169
20178
20180
20180
20182
20183
20186
20190
20190
20191
20191
20193
20195
20197
20203
20207
20216
20230
20233
20237
20241
20249
20250
20255
20255
20260
20264
20273
20279
20281
20282
20282
20282
20283
20285
20286
20294
20294
20296
20296
20297
20298
20301
20304
20305
20306
20309
20318
20319
20319
20320
20321
20328
20330
20331
20340
20342
20344
20344
20349
20351
20354
20357
20359
20359
20366
20366
20366
20369
20373
20375
20379
20384
20385
20385
20385
20388
20391
20392
20393
20396
20397
20404
20405
20406
20406
20408
20412
20412
20417
20418
20419
20426
20426
20429
20429
20432
20434
20437
20438
20439
20440
20444
20450
20451
20456
20456
20457
20461
20463
20465
20465
20466
20467
20469
20472
20477
20485
20486
20487
20492
20498
20501
20504
20508
20509
20511
20514
20517
20523
20526
20526
20528
20530
20531
20542
20548
20552
20553
20554
20555
20563
20564
20567
20571
20572
20572
20573
20585
20585
20586
20587
20594
20606
20608
20620
20630
20632
20635
20635
20639
20641
20642
20642
20643
20647
20654
20656
20661
20665
20667
20669
20674
20677
20678
20679
20679
20684
20685
20696
20697
20697
20701
20701
20717
20718
20730
20738
20741
20744
20749
20752
20755
20756
20757
20760
20760
20766
20768
20768
20774
20776
20782
20783
20787
20789
20791
20794
20798
20800
20802
20812
20817
20821
20821
20823
20825
20836
20837
20840
20842
20843
20845
20853
20857
20857
20862
20863
20868
20868
20871
20878
20888
20890
20890
20903
20909
20915
20920
20921
20922
20932
20936
20937
20943
20943
20943
20944
20947
20953
20953
20958
20967
20969
20970
20972
20973
20977
20979
20979
20981
20982
20988
20988
20989
20996
21005
21010
21017
21019
21033
21042
21043
21050
21053
21058
21060
21062
21062
21063
21064
21067
21069
21069
21072
21078
21083
21085
21085
21085
21089
21092
21095
21096
21101
21106
21107
21114
21116
21118
21119
21122
21131
21133
21133
21133
21134
21135
21136
21137
21140
21145
21146
21147
21151
21153
21154
21158
21159
21161
21161
21165
21168
21171
21171
21174
21178
21181
21181
21181
21186
21187
21190
21191
21193
21193
21195
21196
21199
21202
21204
21205
21209
21214
21217
21219
21220
21225
21228
21232
21236
21236
21249
21249
21249
21250
21252
21258
21273
21274
21274
21275
21276
21277
21277
21279
21283
21286
21296
21297
21300
21311
21313
21323
21330
21335
21337
21337
21347
21348
21348
21364
21364
21366
21370
21371
21375
21379
21382
21383
21391
21398
21404
21404
21405
21405
21407
21409
21409
21411
21416
21417
21427
21428
21431
21432
21439
21441
21442
21445
21446
21453
21456
21458
21461
21462
21462
21464
21465
21466
21468
21477
21478
21482
21487
21490
21490
21490
21494
21498
21504
21508
21509
21515
21519
21521
21523
21525
21528
21534
21537
21539
21541
21541
21552
21560
21561
21562
21565
21565
21565
21565
21572
21572
21576
21578
21580
21584
21586
21588
21597
21598
21602
21608
21609
21613
21618
21619
21625
21630
21645
21649
21650
21652
21653
21655
21655
21664
21666
21668
21675
21678
21680
21682
21683
21686
21687
21688
21689
21689
21699
21707
21708
21708
21709
21710
21714
21716
21723
21725
21725
21731
21731
21733
21737
21738
21738
21741
21743
21744
21744
21745
21749
21756
21764
21765
21768
21772
21772
21774
21775
21781
21783
21788
21790
21796
21796
21797
21800
21803
21804
21804
21804
21805
21808
21815
21824
21827
21827
21829
21832
21833
21836
21840
21846
21849
21851
21851
21853
21858
21862
21862
21869
21871
21875
21880
21884
21886
21895
21895
21906
21908
21908
21911
21911
21912
21912
21913
21914
21919
21920
21930
21930
21931
21935
21936
21939
21940
21946
21947
21951
21951
21958
21964
21965
21969
21970
21971
21973
21973
21987
21987
21988
21988
21990
21992
21996
21996
21997
21998
21998
22010
22010
22020
22027
22031
22038
22038
22041
22042
22045
22047
22053
22057
22061
22065
22067
22067
22069
22070
22083
22084
22088
22090
22091
22095
22096
22104
22107
22111
22116
22118
22120
22121
22122
22123
22124
22125
22127
22127
22128
22130
22133
22133
22138
22139
22156
22163
22166
22172
22173
22179
22182
22185
22188
22199
22208
22209
22209
22211
22213
22218
22224
22225
22225
22229
22231
22236
22239
22242
22243
22244
22244
22258
22264
22267
22271
22274
22281
22284
22286
22288
22289
22292
22295
22299
22310
22316
22321
22321
22327
22328
22329
22331
22333
22335
22336
22336
22343
22344
22354
22355
22356
22362
22362
22370
22371
22373
22374
22376
22379
22381
22390
22394
22396
22397
22401
22401
22405
22407
22409
22410
22413
22414
22415
22417
22418
22423
22424
22426
22430
22432
22438
22449
22456
22459
22462
22463
22473
22478
22480
22485
22486
22489
22492
22495
22498
22498
22501
22507
22509
22520
22524
22525
22526
22531
22539
22541
22543
22544
22553
22556
22558
22568
22569
22569
22571
22574
22575
22587
22587
22589
22590
22591
22600
22605
22615
22616
22616
22617
22619
22619
22621
22628
22630
22630
22630
22638
22640
22653
22659
22661
22663
22671
22675
22687
22689
22692
22693
22699
22702
22705
22706
22707
22710
22712
22714
22718
22723
22732
22734
22734
22739
22743
22746
22749
22750
22754
22755
22759
22761
22771
22775
22777
22781
22784
22784
22784
22788
22789
22789
22790
22791
22795
22795
22797
22797
22806
22806
22807
22808
22808
22809
22810
22811
22813
22821
22821
22822
22822
22825
22829
22832
22834
22837
22838
22842
22846
22848
22851
22862
22864
22867
22870
22875
22875
22877
22877
22881
22886
22889
22891
22900
22900
22902
22902
22906
22907
22913
22917
22917
22918
22922
22925
22934
22936
22943
22945
22961
22977
22980
22980
22981
22991
22998
23010
23013
23019
23022
23025
23039
23040
23041
23044
23044
23046
23049
23049
23052
23059
23066
23072
23073
23074
23083
23086
23095
23095
23100
23101
23106
23108
23109
23109
23112
23116
23116
23117
23119
23128
23128
23129
23129
23130
23135
23135
23136
23137
23138
23138
23144
23149
23159
23159
23163
23169
23172
23180
23183
23186
23187
23188
23188
23189
23193
23204
23209
23210
23211
23218
23218
23221
23227
23228
23235
23236
23236
23239
23247
23248
23253
23255
23263
23265
23268
23268
23269
23276
23278
23281
23285
23289
23289
23290
23291
23292
23292
23296
23301
23305
23305
23306
23309
23309
23310
23311
23315
23319
23323
23323
23324
23324
23332
23339
23339
23343
23344
23346
23349
23359
23362
23362
23367
23375
23376
23380
23381
23383
23400
23400
23406
23407
23411
23411
23412
23414
23416
23421
23423
23423
23424
23425
23426
23430
23441
23442
23446
23448
23449
23455
23456
23460
23462
23464
23468
23470
23473
23473
23476
23480
23484
23490
23491
23492
23492
23492
23498
23504
23504
23506
23515
23516
23517
23526
23535
23536
23537
23543
23547
23547
23552
23553
23555
23557
23559
23560
23574
23575
23580
23587
23601
23603
23605
23622
23624
23624
23629
23631
23633
23634
23634
23636
23644
23648
23648
23648
23649
23650
23650
23652
23654
23655
23656
23660
23660
23662
23669
23676
23676
23684
23689
23689
23693
23696
23696
23707
23708
23708
23709
23712
23717
23717
23718
23720
23722
23723
23725
23731
23738
23738
23738
23741
23743
23748
23750
23756
23757
23762
23764
23778
23779
23784
23786
23788
23790
23791
23795
23797
23804
23804
23805
23814
23816
23818
23824
23824
23829
23842
23845
23850
23853
23853
23854
23859
23860
23861
23871
23875
23879
23881
23884
23885
23886
23887
23888
23889
23891
23892
23897
23899
23902
23905
23905
23906
23911
23912
23919
23928
23929
23931
23935
23935
23936
23937
23939
23940
23941
23943
23945
23946
23949
23950
23958
23969
23973
23979
23991
23991
23992
24001
24003
24010
24010
24011
24013
24013
24016
24017
24020
24022
24022
24025
24031
24032
24040
24043
24045
24048
24053
24054
24055
24061
24068
24072
24073
24078
24080
24082
24082
24084
24085
24090
24090
24091
24091
24093
24107
24107
24126
24131
24131
24135
24136
24138
24143
24145
24146
24150
24156
24157
24160
24163
24171
24173
24173
24173
24174
24183
24191
24194
24196
24196
24197
24198
24201
24202
24202
24208
24210
24211
24214
24217
24220
24221
24221
24223
24223
24224
24227
24231
24233
24234
24235
24240
24242
24244
24247
24249
24252
24254
24255
24258
24258
24258
24262
24262
24265
24272
24277
24279
24281
24284
24290
24293
24295
24295
24310
24311
24311
24313
24322
24323
24325
24327
24329
24335
24338
24338
24338
24341
24342
24348
24349
24361
24366
24366
24368
24370
24372
24375
24375
24386
24387
24394
24398
24404
24412
24414
24418
24421
24426
24427
24428
24428
24432
24435
24435
24436
24437
24439
24439
24441
24443
24448
24453
24454
24456
24459
24459
24460
24461
24466
24467
24467
24468
24477
24486
24496
24497
24498
24500
24506
24512
24512
24513
24514
24514
24516
24517
24519
24523
24525
24530
24532
24534
24536
24541
24542
24543
24546
24552
24557
24559
24560
24563
24564
24566
24566
24569
24570
24575
24575
24576
24580
24583
24584
24585
24589
24590
24591
24602
24602
24604
24604
24604
24607
24611
24612
24616
24624
24624
24629
24630
24630
24635
24646
24650
24654
24662
24662
24664
24667
24671
24672
24673
24677
24682
24686
24690
24692
24693
24695
24699
24699
24714
24714
24717
24718
24720
24720
24720
24727
24734
24737
24739
24739
24744
24745
24751
24754
24759
24760
24760
24779
24780
24783
24789
24790
24792
24797
24797
24802
24805
24806
24811
24812
24812
24813
24815
24817
24822
24837
24841
24843
24850
24851
24853
24855
24858
24863
24864
24868
24869
24879
24880
24883
24886
24887
24888
24894
24895
24895
24896
24900
24901
24903
24904
24907
24909
24912
24912
24926
24927
24929
24939
24943
24946
24946
24948
24952
24953
24957
24960
24961
24963
24973
24973
24976
24977
24979
24986
24990
24991
24993
24996
24996
24997
25000
25001
25012
25012
25017
25017
25018
25019
25027
25028
25030
25031
25032
25034
25046
25048
25051
25052
25055
25059
25063
25068
25070
25070
25070
25074
25074
25075
25076
25082
25087
25087
25090
25091
25091
25097
25099
25099
25100
25103
25105
25108
25110
25113
25115
25116
25126
25135
25139
25142
25142
25144
25144
25145
25151
25152
25160
25162
25162
25169
25172
25172
25175
25179
25184
25187
25189
25190
25191
25193
25193
25199
25200
25205
25207
25207
25217
25217
25221
25225
25225
25227
25231
25233
25234
25234
25236
25242
25244
25245
25249
25250
25253
25255
25260
25267
25267
25269
25275
25278
25279
25282
25283
25288
25289
25298
25301
25304
25308
25309
25313
25314
25316
25318
25319
25321
25322
25322
25329
25329
25339
25340
25340
25353
25356
25357
25363
25368
25370
25370
25371
25382
25390
25391
25396
25396
25400
25401
25402
25402
25405
25407
25408
25420
25420
25421
25422
25424
25426
25428
25429
25432
25433
25435
25435
25436
25436
25439
25440
25443
25450
25451
25456
25456
25461
25465
25465
25465
25467
25468
25470
25473
25475
25476
25477
25482
25482
25483
25485
25496
25497
25504
25505
25506
25512
25513
25513
25513
25518
25519
25521
25531
25534
25538
25543
25548
25551
25561
25564
25568
25569
25570
25572
25577
25579
25581
25583
25590
25593
25596
25600
25602
25603
25617
25628
25628
25634
25637
25637
25638
25639
25645
25650
25650
25653
25656
25656
25661
25670
25671
25679
25680
25680
25684
25686
25693
25696
25705
25705
25707
25708
25708
25711
25711
25714
25725
25736
25737
25752
25752
25752
25753
25754
25755
25756
25759
25762
25767
25768
25769
25771
25781
25781
25784
25784
25786
25788
25790
25794
25795
25797
25801
25802
25805
25809
25813
25814
25815
25816
25818
25821
25822
25825
25825
25827
25832
25834
25836
25837
25838
25840
25840
25851
25851
25860
25860
25863
25864
25869
25871
25874
25875
25876
25879
25881
25889
25889
25892
25893
25900
25902
25902
25906
25907
25907
25909
25919
25919
25921
25924
25926
25930
25935
25937
25940
25941
25942
25942
25943
25944
25944
25945
25947
25951
25951
25957
25958
25964
25964
25965
25968
25981
25986
25987
25988
25988
25990
25994
26000
26001
26005
26012
26013
26016
26026
26026
26032
26038
26040
26041
26051
26051
26058
26060
26066
26078
26078
26090
26092
26092
26094
26099
26103
26113
26115
26116
26133
26134
26139
26143
26145
26146
26153
26156
26159
26160
26161
26161
26164
26169
26172
26175
26207
26210
26225
26227
26227
26236
26243
26245
26249
26250
26257
26269
26277
26280
26281
26283
26284
26291
26291
26292
26294
26295
26303
26309
26312
26312
26316
26316
26317
26318
26323
26324
26330
26331
26331
26344
26347
26349
26350
26350
26351
26353
26358
26360
26362
26362
26366
26370
26385
26387
26388
26388
26390
26394
26395
26395
26396
26399
26400
26404
26429
26433
26435
26436
26437
26441
26444
26446
26455
26455
26456
26458
26461
26463
26469
26470
26475
26475
26475
26476
26477
26491
26493
26493
26493
26493
26494
26495
26497
26498
26498
26500
26506
26506
26515
26516
26520
26522
26525
26529
26530
26530
26535
26535
26538
26540
26541
26541
26542
26545
26547
26547
26553
26556
26556
26556
26562
26562
26566
26571
26576
26578
26580
26580
26580
26589
26590
26592
26593
26593
26593
26594
26596
26596
26597
26599
26600
26601
26603
26608
26609
26612
26618
26619
26625
26630
26633
26637
26638
26640
26641
26643
26647
26648
26649
26657
26662
26663
26673
26674
26675
26689
26691
26692
26698
26700
26703
26707
26712
26713
26715
26716
26720
26721
26721
26722
26723
26724
26726
26727
26729
26730
26733
26741
26742
26745
26747
26749
26751
26753
26757
26761
26761
26767
26768
26769
26771
26772
26777
26780
26784
26786
26788
26791
26797
26798
26803
26804
26806
26808
26809
26813
26818
26823
26833
26848
26850
26851
26852
26854
26860
26868
26874
26879
26883
26886
26888
26890
26901
26902
26907
26907
26909
26916
26919
26925
26925
26929
26936
26939
26940
26941
26941
26941
26945
26949
26953
26955
26963
26968
26974
26984
26987
26987
26988
26988
26991
26993
27000
27001
27001
27006
27010
27011
27015
27018
27020
27030
27032
27033
27041
27042
27044
27052
27053
27056
27069
27072
27080
27081
27086
27086
27086
27088
27095
27099
27103
27112
27115
27120
27125
27126
27134
27134
27136
27138
27146
27150
27151
27155
27162
27162
27164
27164
27172
27175
27182
27183
27184
27185
27186
27190
27196
27205
27206
27208
27212
27214
27224
27224
27234
27241
27242
27244
27245
27257
27257
27260
27265
27265
27266
27269
27276
27276
27280
27280
27281
27281
27283
27283
27283
27289
27290
27291
27292
27298
27300
27303
27304
27306
27312
27313
27313
27316
27321
27321
27326
27328
27333
27335
27335
27337
27339
27340
27341
27345
27345
27346
27349
27357
27361
27363
27364
27381
27388
27395
27407
27408
27409
27410
27413
27414
27415
27416
27417
27419
27420
27420
27422
27423
27426
27429
27437
27447
27448
27449
27453
27454
27457
27459
27463
27464
27469
27471
27473
27475
27475
27476
27490
27496
27497
27497
27498
27498
27499
27503
27504
27504
27507
27509
27510
27512
27512
27517
27524
27529
27531
27535
27538
27539
27540
27543
27546
27549
27549
27549
27551
27553
27558
27561
27567
27570
27573
27573
27574
27598
27601
27601
27603
27604
27604
27604
27614
27614
27618
27620
27620
27620
27622
27625
27628
27629
27629
27629
27635
27649
27650
27653
27655
27663
27668
27670
27674
27680
27685
27698
27699
27706
27709
27710
27713
27715
27726
27730
27737
27737
27738
27743
27748
27767
27771
27779
27784
27785
27789
27791
27792
27794
27806
27808
27809
27810
27813
27820
27820
27831
27834
27843
27845
27845
27847
27851
27859
27861
27862
27864
27864
27866
27870
27872
27874
27879
27883
27894
27894
27895
27914
27921
27923
27924
27924
27927
27930
27931
27933
27936
27937
27937
27939
27940
27947
27953
27954
27954
27957
27965
27970
27973
27985
27990
27991
27992
27994
27996
27997
27998
28000
28000
28001
28006
28006
28006
28011
28015
28017
28020
28021
28022
28024
28025
28026
28031
28034
28036
28049
28050
28051
28051
28056
28058
28066
28068
28070
28071
28072
28080
28083
28087
28094
28095
28098
28099
28100
28102
28114
28130
28131
28137
28138
28144
28147
28152
28156
28157
28162
28164
28167
28169
28169
28170
28181
28185
28189
28190
28193
28195
28195
28196
28198
28206
28208
28210
28215
28220
28227
28228
28228
28230
28231
28233
28236
28239
28245
28249
28254
28260
28263
28269
28270
28272
28273
28273
28274
28275
28276
28276
28280
28286
28286
28286
28295
28296
28301
28304
28308
28309
28310
28321
28326
28327
28337
28343
28349
28364
28371
28374
28377
28380
28382
28385
28389
28393
28398
28406
28407
28408
28413
28413
28415
28418
28426
28428
28430
28431
28432
28433
28433
28451
28457
28458
28461
28465
28469
28471
28471
28475
28476
28477
28488
28493
28495
28495
28496
28498
28505
28517
28519
28521
28525
28542
28548
28549
28549
28556
28556
28557
28566
28568
28569
28570
28583
28588
28591
28592
28601
28602
28605
28606
28610
28615
28616
28621
28621
28622
28626
28631
28632
28632
28644
28645
28647
28660
28662
28665
28667
28670
28673
28684
28688
28692
28692
28695
28698
28699
28701
28707
28713
28719
28722
28723
28725
28728
28735
28737
28745
28746
28757
28758
28763
28770
28771
28772
28778
28779
28788
28790
28790
28794
28797
28800
28804
28806
28808
28809
28811
28813
28813
28813
28815
28817
28819
28822
28826
28832
28832
28842
28844
28853
28857
28859
28861
28862
28863
28874
28877
28878
28878
28885
28887
28888
28890
28891
28891
28891
28893
28897
28901
28901
28903
28904
28920
28932
28932
28933
28936
28940
28940
28940
28941
28948
28948
28950
28952
28952
28954
28958
28962
28966
28969
28978
28983
28990
28991
28992
29004
29024
29025
29038
29057
29059
29073
29076
29078
29079
29081
29084
29085
29091
29091
29093
29098
29098
29105
29106
29106
29107
29110
29113
29119
29129
29132
29149
29161
29164
29164
29164
29168
29171
29172
29177
29180
29181
29192
29196
29198
29208
29209
29210
29214
29217
29219
29223
29228
29239
29239
29243
29248
29249
29253
29253
29253
29255
29256
29258
29260
29263
29266
29271
29276
29280
29281
29282
29288
29298
29299
29300
29302
29303
29305
29309
29309
29316
29318
29322
29322
29329
29337
29337
29343
29345
29346
29348
29348
29352
29352
29357
29369
29380
29383
29385
29390
29393
29394
29397
29398
29403
29404
29415
29419
29419
29423
29434
29434
29439
29440
29442
29442
29444
29447
29451
29457
29462
29463
29467
29471
29472
29481
29486
29491
29504
29504
29507
29508
29511
29520
29524
29534
29536
29540
29545
29549
29554
29555
29556
29559
29560
29561
29561
29564
29566
29569
29575
29581
29584
29586
29591
29592
29595
29596
29596
29600
29602
29602
29604
29607
29611
29615
29616
29620
29621
29621
29622
29623
29623
29624
29625
29628
29629
29634
29639
29639
29640
29642
29643
29653
29660
29668
29671
29671
29677
29677
29677
29678
29680
29683
29683
29684
29684
29684
29685
29693
29705
29711
29714
29727
29727
29728
29733
29734
29735
29736
29740
29741
29744
29746
29750
29758
29759
29768
29770
29784
29785
29785
29787
29787
29787
29788
29804
29807
29807
29812
29813
29816
29832
29833
29843
29846
29854
29860
29863
29867
29869
29869
29873
29882
29884
29885
29887
29891
29901
29903
29911
29913
29913
29919
29920
29925
29926
29929
29931
29935
29935
29937
29948
29948
29949
29954
29955
29956
29971
29972
29972
29975
29985
29992
29992
29994
29995
30000
30009
30020
30021
30023
30040
30041
30044
30050
30056
30057
30058
30069
30069
30083
30088
30089
30091
30092
30098
30103
30122
30126
30128
30129
30132
30137
30139
30140
30144
30148
30157
30157
30158
30159
30159
30166
30172
30174
30179
30183
30187
30188
30194
30194
30195
30197
30197
30207
30214
30218
30218
30224
30225
30225
30226
30227
30230
30233
30234
30235
30237
30242
30246
30250
30251
30262
30264
30270
30271
30272
30275
30277
30282
30284
30284
30287
30290
30292
30293
30299
30305
30306
30308
30310
30317
30321
30322
30322
30325
30331
30332
30334
30338
30340
30342
30348
30350
30350
30351
30355
30355
30357
30357
30358
30363
30364
30364
30364
30367
30369
30372
30373
30374
30374
30376
30380
30381
30389
30393
30394
30395
30396
30397
30400
30401
30402
30402
30404
30408
30410
30413
30414
30414
30418
30423
30423
30424
30428
30431
30436
30443
30444
30445
30456
30457
30458
30465
30468
30470
30473
30474
30483
30484
30488
30498
30499
30500
30501
30503
30505
30507
30508
30508
30522
30522
30526
30528
30528
30535
30536
30536
30542
30546
30547
30550
30551
30551
30552
30555
30562
30563
30568
30573
30579
30579
30580
30582
30583
30589
30589
30591
30592
30593
30593
30594
30600
30609
30609
30611
30611
30612
30613
30616
30620
30620
30625
30625
30626
30627
30627
30627
30631
30633
30635
30637
30637
30637
30637
30639
30639
30641
30642
30644
30646
30647
30656
30664
30667
30669
30673
30683
30684
30684
30685
30687
30694
30698
30699
30702
30707
30709
30709
30716
30716
30720
30720
30723
30727
30731
30739
30751
30752
30752
30755
30757
30759
30774
30775
30780
30781
30784
30788
30789
30791
30794
30794
30795
30796
30796
30799
30800
30801
30803
30805
30808
30808
30813
30815
30816
30823
30823
30828
30831
30833
30834
30835
30838
30841
30845
30846
30848
30849
30851
30851
30852
30858
30859
30862
30863
30866
30870
30871
30873
30874
30875
30877
30877
30878
30887
30887
30888
30892
30893
30895
30895
30900
30900
30904
30907
30909
30918
30923
30929
30929
30930
30931
30932
30933
30933
30942
30943
30943
30943
30949
30951
30951
30952
30954
30956
30957
30962
30964
30977
30978
30981
30984
30990
30994
30997
30999
30999
31012
31013
31014
31017
31018
31026
31027
31027
31030
31036
31036
31036
31041
31043
31045
31046
31047
31049
31050
31054
31056
31062
31066
31069
31075
31083
31088
31091
31094
31096
31097
31100
31102
31106
31111
31115
31115
31115
31116
31117
31124
31124
31125
31125
31125
31126
31135
31136
31141
31142
31145
31153
31165
31175
31179
31182
31183
31188
31191
31194
31194
31199
31201
31202
31205
31226
31228
31229
31236
31240
31242
31253
31262
31262
31266
31267
31272
31273
31278
31279
31279
31284
31286
31287
31292
31293
31294
31295
31295
31298
31302
31302
31304
31306
31311
31311
31313
31317
31317
31319
31321
31322
31333
31337
31339
31341
31348
31348
31352
31355
31357
31357
31360
31360
31362
31362
31365
31369
31379
31385
31387
31392
31398
31399
31402
31407
31408
31408
31410
31410
31414
31416
31418
31420
31422
31424
31424
31427
31427
31428
31429
31430
31430
31434
31438
31442
31442
31443
31445
31452
31460
31466
31467
31473
31474
31476
31479
31482
31484
31485
31487
31489
31491
31492
31493
31495
31501
31506
31518
31519
31525
31527
31538
31539
31539
31544
31548
31552
31560
31561
31567
31570
31573
31576
31578
31582
31589
31590
31592
31597
31600
31601
31603
31604
31604
31606
31611
31614
31616
31618
31619
31624
31625
31630
31632
31634
31636
31638
31643
31645
31647
31649
31650
31651
31652
31667
31670
31670
31676
31677
31684
31689
31690
31693
31698
31699
31700
31700
31701
31705
31705
31707
31710
31710
31714
31718
31730
31745
31755
31756
31762
31768
31768
31776
31779
31795
31798
31813
31814
31814
31817
31819
31821
31821
31822
31824
31827
31827
31828
31830
31831
31834
31839
31840
31842
31849
31852
31854
31858
31870
31873
31877
31886
31886
31887
31888
31891
31894
31894
31895
31900
31910
31912
31915
31917
31918
31918
31920
31922
31926
31932
31935
31938
31941
31961
31961
31964
31964
31966
31967
31968
31977
31985
31996
31998
32000
32000
32000
32003
32006
32010
32012
32013
32014
32024
32030
32033
32035
32040
32043
32044
32047
32047
32050
32053
32053
32054
32056
32061
32067
32074
32075
32076
32078
32089
32096
32103
32105
32109
32110
32116
32122
32125
32127
32129
32142
32146
32147
32148
32151
32154
32155
32161
32166
32168
32170
32173
32178
32179
32180
32181
32182
32186
32188
32191
32191
32197
32205
32210
32222
32222
32225
32228
32230
32231
32235
32237
32237
32240
32242
32248
32249
32251
32252
32253
32259
32262
32263
32271
32280
32281
32281
32281
32282
32285
32290
32291
32292
32292
32304
32304
32316
32317
32319
32321
32325
32328
32331
32331
32332
32336
32338
32338
32338
32344
32349
32351
32353
32357
32361
32365
32371
32386
32391
32393
32398
32398
32405
32414
32414
32421
32424
32428
32434
32434
32440
32441
32447
32447
32448
32448
32455
32459
32459
32462
32463
32472
32476
32486
32487
32494
32498
32498
32499
32499
32501
32501
32503
32504
32505
32509
32515
32520
32521
32522
32523
32526
32529
32537
32538
32539
32540
32540
32545
32549
32555
32558
32564
32583
32588
32588
32589
32597
32597
32597
32600
32603
32607
32609
32613
32613
32619
32627
32630
32631
32634
32634
32637
32637
32638
32641
32647
32649
32652
32652
32653
32655
32658
32659
32664
32668
32676
32677
32680
32687
32691
32691
32693
32695
32695
32701
32704
32705
32707
32708
32709
32713
32714
32722
32722
32722
32724
32727
32731
32732
32735
32743
32743
32743
32749
32752
32761
32764
32766
32766
32766
32767
