23
45
52
61
84
91
111
121
138
170
179
217
270
326
327
414
448
483
535
556
565
613
639
646
688
731
743
746
748
748
762
856
888
903
916
972
1005
1019
1027
1027
1032
1036
1045
1046
1196
1277
1281
1298
1322
1329
1354
1373
1408
1414
1433
1434
1565
1584
1621
1637
1646
1800
1832
1878
1896
1898
1906
1920
1928
1940
1962
1992
2003
2040
2087
2089
2102
2108
2119
2146
2185
2207
2211
2251
2258
2283
2294
2369
2516
2541
2543
2550
2560
2639
2654
2726
2730
2738
2763
2793
2810
2834
2845
2911
2979
3077
3225
3229
3231
3239
3299
3322
3354
3358
3416
3419
3485
3536
3560
3596
3597
3604
3611
3645
3670
3786
3786
3795
3855
3870
3907
3911
3957
4011
4079
4093
4145
4186
4191
4214
4278
4283
4293
4330
4378
4407
4410
4478
4504
4527
4557
4566
4604
4656
4665
4696
4770
4818
4890
4921
5000
5009
5021
5021
5029
5097
5160
5228
5245
5319
5342
5454
5468
5507
5531
5533
5597
5634
5704
5760
5858
5876
5883
5901
5976
6011
6036
6065
6077
6092
6127
6238
6347
6381
6382
6385
6426
6483
6497
6521
6557
6630
6643
6694
6717
6723
6747
6779
6803
6852
6903
6914
6933
6965
7026
7042
7063
7066
7067
7076
7078
7105
7114
7116
7156
7248
7265
7298
7302
7305
7313
7395
7423
7435
7437
7476
7485
7528
7562
7598
7598
7611
7620
7706
7740
7774
7783
7839
7848
7860
8008
8158
8308
8321
8324
8401
8416
8430
8439
8443
8450
8517
8557
8601
8758
8771
8840
8845
8890
8899
8951
8976
9008
9037
9046
9049
9074
9190
9200
9211
9217
9250
9284
9287
9328
9360
9417
9454
9547
9548
9604
9616
9621
9629
9645
9654
9726
9916
10049
10058
10077
10145
10152
10193
10203
10213
10326
10393
10402
10410
10431
10466
10469
10483
10498
10565
10585
10607
10628
10670
10670
10739
10760
10792
10797
10818
10914
10928
10938
10954
10970
11018
11070
11083
11109
11131
11161
11173
11179
11183
11298
11301
11315
11328
11339
11348
11365
11453
11479
11529
11576
11622
11672
11677
11710
11779
11837
11842
11846
11850
11877
11975
11980
11982
12006
12053
12086
12089
12152
12175
12179
12180
12187
12200
12226
12228
12310
12346
12376
12376
12456
12469
12475
12588
12611
12630
12686
12706
12713
12721
12788
12814
12818
12823
13029
13076
13083
13097
13107
13128
13158
13197
13244
13262
13263
13276
13430
13494
13507
13512
13535
13560
13580
13601
13607
13696
13731
13782
13830
13858
13890
13896
13917
13931
13941
13961
14069
14072
14077
14078
14079
14163
14169
14187
14188
14210
14249
14276
14283
14310
14315
14319
14322
14341
14381
14412
14418
14440
14444
14457
14476
14510
14521
14535
14543
14561
14566
14578
14686
14764
14773
14818
14947
14949
14955
14975
15001
15014
15057
15119
15125
15144
15179
15294
15410
15427
15500
15508
15523
15531
15718
15724
15725
15734
15774
15807
15819
15825
15910
15911
15950
15992
16042
16078
16088
16136
16204
16207
16240
16275
16279
16291
16342
16446
16492
16580
16642
16676
16760
16807
16836
16905
16979
17011
17030
17108
17188
17271
17272
17276
17280
17303
17307
17313
17357
17441
17463
17490
17497
17514
17529
17552
17718
17735
17748
17817
17880
17892
17896
17946
17961
17990
18089
18098
18099
18165
18179
18214
18221
18231
18242
18282
18306
18313
18315
18345
18346
18413
18434
18461
18541
18583
18583
18633
18639
18645
18654
18670
18693
18694
18705
18749
18775
18782
18826
18830
18868
18901
18901
18917
18963
18999
19041
19135
19158
19171
19172
19194
19211
19238
19244
19280
19290
19455
19456
19483
19536
19555
19577
19616
19629
19630
19640
19654
19667
19674
19702
19710
19731
19738
19771
19863
19985
19985
20007
20030
20033
20065
20085
20096
20112
20121
20134
20178
20179
20252
20274
20286
20312
20313
20322
20355
20360
20370
20427
20445
20505
20517
20533
20538
20557
20572
20646
20770
20773
20774
20800
20811
20838
20845
20847
20847
20883
20981
20986
21039
21152
21200
21220
21289
21305
21317
21333
21336
21342
21410
21411
21491
21495
21569
21690
21700
21760
21803
21812
21824
21843
21890
21928
22011
22014
22014
22024
22025
22060
22238
22358
22379
22380
22423
22463
22467
22537
22543
22585
22586
22611
22626
22781
22850
22895
22896
22952
22992
23024
23037
23087
23142
23156
23173
23214
23374
23423
23441
23446
23471
23530
23551
23555
23557
23560
23580
23588
23618
23667
23678
23683
23715
23763
23774
23800
23831
23843
23854
23910
23927
23981
24038
24048
24088
24088
24097
24161
24247
24328
24347
24446
24464
24500
24511
24531
24604
24619
24636
24662
24688
24767
24784
24789
24810
24841
24909
24924
25010
25048
25098
25136
25137
25218
25228
25250
25312
25316
25326
25333
25335
25393
25415
25452
25481
25502
25573
25585
25611
25633
25744
25754
25766
25771
25807
25841
25853
25877
25881
25977
26004
26014
26134
26225
26314
26327
26327
26364
26381
26395
26396
26398
26439
26572
26593
26616
26626
26651
26746
26749
26780
26794
26801
26822
26872
26873
26887
26898
26929
26939
26941
26951
26958
27041
27094
27120
27190
27195
27257
27277
27280
27343
27349
27386
27432
27492
27541
27564
27579
27641
27661
27717
27785
27802
27836
27839
27870
27883
27943
27980
27989
28021
28060
28063
28094
28216
28229
28256
28276
28294
28373
28386
28494
28503
28556
28584
28592
28652
28673
28677
28681
28699
28703
28709
28766
28776
28780
28783
28783
28789
29061
29068
29073
29087
29100
29108
29110
29111
29139
29159
29220
29235
29279
29298
29298
29345
29354
29385
29420
29596
29605
29610
29827
29855
29950
29982
30061
30065
30081
30140
30176
30211
30223
30246
30262
30269
30330
30351
30410
30423
30469
30496
30500
30531
30639
30673
30679
30736
30772
30829
30855
30859
30907
30924
30951
30982
31004
31150
31176
31188
31196
31225
31260
31266
31293
31308
31331
31342
31359
31367
31390
31392
31421
31437
31455
31499
31586
31627
31633
31670
31694
31702
31751
31819
31819
31831
31838
31846
31908
31993
32028
32046
32073
32132
32145
32152
32160
32173
32199
32230
32231
32235
32244
32270
32271
32275
32349
32351
32395
32400
32465
32545
32601
32631
32634
