32701
32660
32639
32625
32604
32599
32565
32525
32504
32488
32477
32449
32425
32420
32393
32391
32370
32366
32333
32289
32084
32082
32081
32003
31999
31969
31947
31931
31922
31899
31821
31800
31769
31760
31733
31664
31631
31623
31611
31608
31590
31570
31548
31514
31479
31446
31370
31345
31337
31312
31239
31153
31150
31119
31080
31000
30966
30923
30919
30909
30859
30857
30804
30733
30728
30727
30694
30692
30649
30642
30638
30631
30621
30599
30587
30577
30541
30490
30471
30460
30411
30358
30337
30323
30294
30187
30117
30116
30090
30079
30061
30006
29996
29994
29866
29853
29847
29842
29799
29773
29737
29716
29649
29646
29645
29620
29578
29560
29394
29279
29224
29223
29217
29210
29183
29129
29107
29080
29011
28993
28976
28956
28948
28936
28909
28862
28859
28814
28788
28704
28685
28684
28683
28679
28675
28635
28479
28475
28462
28462
28411
28136
28046
28027
27979
27939
27888
27876
27867
27824
27807
27741
27730
27709
27674
27660
27636
27585
27479
27406
27339
27334
27334
27258
27181
27139
27081
27076
27043
27030
27017
26964
26931
26927
26848
26830
26825
26813
26744
26742
26741
26720
26643
26632
26497
26431
26314
26146
26143
26108
26097
26079
26046
26036
26028
25981
25963
25957
25949
25868
25853
25835
25812
25670
25663
25627
25601
25541
25513
25510
25460
25413
25402
25352
25262
25262
25243
25229
25226
25082
25056
25027
24916
24802
24787
24733
24710
24703
24578
24551
24537
24526
24493
24462
24448
24433
24417
24417
24377
24316
24298
24290
24287
24234
24231
24215
24184
24151
24107
24092
24077
24007
24002
23974
23964
23958
23940
23919
23892
23889
23887
23875
23735
23724
23714
23701
23670
23571
23544
23444
23415
23414
23371
23370
23351
23347
23343
23339
23331
23292
23287
23255
23254
23248
23195
23174
23168
23109
23088
23086
23083
23069
23007
22962
22957
22937
22932
22922
22900
22891
22794
22783
22782
22777
22773
22760
22703
22658
22620
22609
22581
22530
22529
22477
22354
22316
22305
22278
22261
22241
22123
22122
22115
22093
22065
22015
21810
21774
21691
21620
21610
21603
21531
21529
21486
21421
21387
21384
21338
21258
21244
21237
21216
21129
21125
21107
21088
21087
21085
21050
21018
20954
20878
20836
20818
20804
20788
20668
20571
20569
20549
20477
20472
20463
20450
20415
20410
20404
20395
20362
20340
20262
20196
20181
20176
20172
20156
20116
20081
20020
19990
19959
19955
19890
19873
19824
19783
19775
19769
19768
19710
19705
19683
19532
19464
19450
19448
19440
19391
19331
19330
19300
19300
19285
19281
19274
19259
19253
19239
19196
19164
19069
19014
19005
18993
18991
18990
18947
18725
18698
18667
18652
18646
18644
18601
18574
18570
18488
18418
18397
18389
18369
18345
18326
18299
18289
18244
18188
18181
18177
17969
17890
17864
17844
17791
17740
17736
17718
17668
17665
17652
17476
17424
17335
17328
17326
17262
17223
17170
17168
17164
17144
17122
17086
17086
17041
17013
16985
16969
16958
16817
16795
16782
16775
16754
16655
16596
16579
16566
16461
16430
16406
16398
16355
16332
16326
16317
16269
16221
16213
16211
16172
16157
16119
16104
16055
16039
15935
15935
15899
15896
15854
15843
15790
15767
15711
15683
15652
15644
15636
15633
15596
15487
15432
15410
15376
15370
15356
15354
15312
15293
15291
15273
15242
15210
15200
15197
15138
15119
15069
15022
14987
14982
14966
14930
14925
14840
14795
14732
14723
14586
14468
14465
14456
14446
14440
14396
14391
14376
14352
14340
14340
14320
14314
14281
14196
14162
14135
14125
14023
14016
13966
13828
13786
13758
13735
13712
13664
13583
13577
13572
13547
13516
13504
13479
13462
13454
13452
13432
13431
13395
13346
13215
13215
13186
13138
13136
13131
13101
13090
13079
13047
13028
13021
12979
12979
12967
12876
12859
12838
12827
12761
12753
12709
12655
12648
12608
12533
12524
12515
12505
12449
12425
12424
12415
12414
12390
12360
12322
12311
12219
12151
12139
12132
12123
12121
12021
11982
11961
11858
11817
11797
11789
11788
11778
11736
11724
11703
11688
11685
11673
11668
11646
11626
11590
11585
11561
11555
11534
11526
11520
11494
11481
11402
11337
11309
11245
11202
11193
11190
11160
11147
11134
11042
10951
10936
10934
10918
10894
10894
10869
10865
10822
10780
10769
10763
10759
10744
10660
10653
10603
10578
10576
10567
10539
10495
10493
10445
10445
10421
10391
10378
10366
10351
10188
10115
10037
10030
10021
9994
9878
9862
9793
9793
9777
9732
9718
9705
9678
9652
9553
9488
9466
9380
9351
9324
9280
9269
9222
9189
9187
9148
9051
9019
8974
8968
8954
8941
8926
8918
8895
8839
8652
8647
8646
8644
8563
8551
8544
8496
8478
8472
8450
8442
8409
8401
8392
8370
8331
8318
8256
8190
8133
8025
8014
7998
7985
7936
7856
7725
7695
7667
7666
7631
7618
7526
7498
7446
7443
7422
7407
7364
7337
7316
7292
7249
7161
7136
7117
7104
7080
6962
6922
6917
6900
6897
6845
6806
6788
6787
6758
6740
6735
6671
6608
6382
6301
6290
6277
6248
6231
6193
6161
6094
5994
5981
5920
5885
5844
5843
5736
5732
5715
5667
5621
5579
5560
5538
5484
5471
5458
5411
5373
5316
5307
5295
5251
5223
5221
5141
5101
5043
4882
4861
4832
4824
4680
4654
4604
4579
4544
4537
4521
4495
4417
4369
4324
4267
4263
4193
4173
4158
4137
4106
4101
4085
4068
4023
4011
3957
3934
3909
3893
3866
3762
3760
3749
3743
3685
3668
3654
3650
3630
3609
3596
3566
3497
3478
3475
3439
3437
3435
3413
3408
3377
3317
3309
3267
3265
3173
3146
3138
3117
3105
3066
3048
3045
3033
3005
2922
2901
2874
2832
2802
2780
2762
2762
2746
2739
2699
2694
2630
2618
2604
2593
2589
2585
2509
2508
2432
2397
2363
2363
2317
2184
2179
2164
2140
2132
2106
2097
2084
2013
1979
1971
1956
1930
1928
1916
1895
1892
1729
1665
1659
1614
1592
1553
1490
1435
1404
1401
1383
1377
1331
1329
1295
1283
1278
1218
1214
1205
1153
1067
1012
952
923
898
894
890
875
872
832
814
735
711
674
650
646
633
629
601
527
471
470
427
408
387
338
329
307
286
279
218
211
187
151
150
108
77
71
