25379
8161
32625
26868
491
7782
23218
7022
4858
10510
29636
5116
29613
11509
12828
338
2915
12405
11194
29541
12195
5096
16008
30971
28745
28065
7927
2257
4942
5886
10606
10489
8873
11010
13934
7445
10055
29806
1937
5798
2564
12225
1676
6833
1479
29139
7528
26016
9304
15472
9042
12284
2574
19091
6775
18257
20503
13413
4186
11045
13099
30647
19062
25567
26063
6578
20105
16142
20116
30461
10155
7004
30557
6943
17568
8123
29214
16349
27867
17782
31534
21676
10199
20308
20469
3615
18931
3707
2643
28576
4726
23356
5519
12783
5604
22139
20836
22178
27702
9461
3610
5596
27861
15213
4975
12297
25744
659
21503
22121
9428
769
27733
30537
31041
15253
21090
29410
31338
3906
21191
23973
8303
6242
9996
9045
26879
28570
1321
2919
19951
21794
24582
29499
27367
9432
8174
31313
31236
22166
21493
7680
12265
11076
9248
30634
25427
5811
6069
11118
29089
22248
27880
18551
18084
30963
14531
10873
7405
16825
30180
28157
22996
7813
20628
32308
19506
16481
15759
6117
2640
15820
28556
6948
6014
28764
23785
25749
11796
25291
16694
27360
16711
16784
31290
16037
2311
21237
9195
29752
16077
24240
8636
25546
2102
27760
26869
25484
16011
27908
20118
2247
28596
22960
27118
9672
14666
19787
12941
27052
25326
7094
3524
7122
18216
27461
11931
26510
29067
6861
18502
6175
16066
29315
21662
6931
19303
7675
26494
21208
13482
12087
940
22692
10271
23751
24593
20756
14656
22931
906
32671
27798
2259
31708
25512
27890
20787
6139
3482
15461
11066
15491
26449
5602
21747
30520
21767
27591
580
29699
11434
10526
3876
9669
30807
25171
1043
16938
4559
19084
2597
15682
22009
10250
31014
20273
26430
14681
19216
9263
25008
6078
29153
2044
23035
12319
31531
30348
14335
8246
4290
20669
24816
29832
13336
15728
22558
26121
31990
14546
16284
20555
6947
23720
30362
17580
5926
186
24141
22060
15331
25908
28436
21132
6708
4511
9739
19193
22118
7524
20993
957
8804
31059
1944
13097
3383
26197
12400
22932
23454
2047
5880
16575
30432
3544
3535
25493
9369
5736
24297
15204
19920
14950
20474
31591
23841
16522
16805
30176
3545
25538
10669
31318
32127
18748
16557
29322
405
7162
26557
1812
28530
27743
3417
31329
15298
30452
14321
29262
14274
18004
30580
14463
28787
12818
31576
5977
4321
19697
181
8623
7685
3819
6747
1738
2010
13908
6287
29919
11571
5207
1616
7414
8902
11294
16182
19609
10946
29587
27604
452
12343
17201
3121
6899
32020
25599
14506
19633
19080
498
4890
20829
31856
25418
23968
25460
4428
13913
21625
4711
822
7533
12918
10467
2414
13315
22649
20032
498
31862
24580
17573
27003
21598
2635
28828
13210
28897
4903
16208
29507
24459
31299
25796
21373
1441
20467
14355
8878
4902
25763
11894
28308
28263
24984
29643
21607
4855
29033
24228
10111
8357
1369
15256
20389
11808
26368
27361
4270
15085
24378
530
8758
25924
4292
2724
28913
12060
13278
24906
1292
3336
9702
28654
4296
829
29663
3867
21168
22263
9641
18108
10736
1069
23465
24588
23393
32289
31366
18297
3444
31796
22493
10167
2793
26782
5567
21697
9386
26064
5563
22994
8335
15160
14404
9950
31091
6871
30729
21878
25907
12806
26585
10720
25824
23999
22288
14640
15130
18436
9872
31705
2563
7024
10921
25460
5302
27424
16990
22350
7491
21685
25209
18653
26054
25376
1632
9887
25430
27154
27
9314
25307
29564
4730
24410
20081
2951
31818
11556
15840
1529
15187
32669
26020
13196
29764
25271
31890
31330
2928
10271
17327
15265
6845
11278
26705
21696
14265
30455
10989
1351
9323
14162
9519
2845
25735
13847
23047
20243
15672
20946
26380
29538
20362
17922
27681
9391
14566
11252
16462
2238
19094
5992
1948
14284
26730
21580
7139
28936
6655
27802
4204
25196
23534
12375
24349
11664
1646
16466
31443
2747
15591
7857
7770
31457
4300
29926
29407
17874
9043
21393
1235
5650
17765
12580
20253
11141
1466
19228
26936
5310
6961
242
23842
1675
16549
12335
1247
2841
13517
15748
23780
15869
25544
13222
11399
29750
24384
256
27849
14312
2006
13932
15377
8739
26246
5564
8791
17626
7967
1308
12763
27598
28297
10235
9603
2580
28613
13151
18693
17443
30378
24136
9601
24537
25834
4736
20061
30422
13484
16122
16073
19329
11773
656
23184
26808
19901
26536
2175
27728
7019
19067
8944
27655
232
19591
30253
18109
24050
2620
15650
16032
12798
22592
12208
5829
4476
13808
31581
27855
10260
22858
24169
3509
11437
15144
31461
31135
28629
21023
11139
25400
12952
25266
15696
5847
7511
3372
30732
11887
18355
31049
27636
12553
5185
4123
32415
8366
19531
9096
22718
24637
1692
15398
3216
723
16776
27286
28794
31762
10826
3698
319
28051
9799
14749
11726
19741
21198
7122
15540
32052
3649
28757
12956
30551
18349
28750
22076
16544
1635
2059
26338
13274
27180
5450
20490
750
10471
1968
404
28771
19704
21880
112
4723
6228
1469
2065
24337
31101
23515
20619
8101
22961
10671
20417
22331
509
25147
27070
25767
17197
29144
30888
12948
17524
21648
1550
9582
12750
27975
3814
27169
28453
9944
26230
7884
2412
18409
14696
7897
2604
1958
28322
31187
17448
25689
12124
5589
5978
13480
15506
14733
31215
538
7992
13250
23148
4341
32153
31737
28469
9190
29551
14143
15357
12187
9352
6023
28474
27710
32451
4693
18127
7444
25763
20359
30352
12917
26323
18060
16454
2981
6892
10281
17074
21582
31988
20698
27774
4224
6818
15603
8108
360
6757
7477
20792
29823
27515
1710
26257
4230
8852
29453
11172
25966
14856
14672
30628
2894
30050
16945
24777
26985
4055
10035
10243
1719
32512
12403
2454
8108
4572
23409
1494
31554
20054
8006
24904
5056
18762
19692
30162
24735
13049
9840
18190
8532
23493
11789
3905
20968
1004
11978
8113
23986
11260
26128
29551
22736
1208
6391
24052
4863
24686
7099
12756
235
7955
20146
12780
19927
12077
25778
32682
13917
14843
19090
31458
14214
29527
2883
1385
32500
5803
22560
23746
25644
24310
1356
30740
16486
2472
17757
10228
16559
19788
26536
1256
22211
20838
22843
29514
17438
16164
29637
22398
15817
967
17384
31448
21363
29196
9941
10337
19758
24306
32522
17335
27204
19620
28641
25159
21241
30500
4077
27866
9354
3424
14686
7645
24814
24575
1181
12047
23464
10922
15066
1461
28431
32460
13990
3403
729
21060
3437
4657
972
385
1389
32286
1165
5390
1347
12874
20226
23872
29206
13479
25175
31869
11038
28104
14142
31766
14578
15279
14197
3739
7215
31694
22415
18225
7624
26385
17417
26735
154
14160
14618
6940
523
24332
12470
22061
24266
18586
5152
508
26715
22142
10867
7617
11855
30478
27952
16240
3320
14424
21715
5060
31057
141
18996
15840
30379
7332
4119
29927
12555
10052
5396
10310
23053
21475
10460
14539
15407
3929
23517
21119
28025
27706
8368
10492
30899
27241
26672
28608
29084
31074
21590
2988
7458
25950
16008
7536
30538
19692
29365
2194
24002
8989
8104
31267
18001
4165
17867
17992
16046
17658
14361
10370
7809
618
20995
25414
25049
16916
19828
11324
26310
11483
11428
27508
16641
29117
28837
293
57
20885
18217
31210
14633
24866
11534
8729
24508
32136
16137
6819
28548
390
14957
31050
8284
8399
20587
18772
18880
7514
17923
12117
12045
15465
14052
21618
23802
17162
4704
32097
12260
21925
6111
22843
3884
20428
8395
16829
6358
25353
13839
12196
26758
31435
29632
7185
18807
27805
24230
4522
20638
3074
6769
9636
21460
19435
30071
31568
6995
9638
25011
31938
24360
32607
23253
9637
7269
26079
22951
6652
8973
1334
17503
29431
30709
11285
14733
8449
28135
3141
9859
3143
10544
22093
447
24554
12081
3255
4938
9378
21288
7724
31512
779
2202
26781
30266
2907
22158
9382
23402
19295
2936
11209
24142
2001
26966
26620
9014
30322
23829
14209
14361
3903
12500
22121
10452
16939
16043
7837
11547
6797
19230
31525
24429
7121
24167
26214
31456
10030
28976
14035
2034
20517
25750
4057
15248
10554
23327
32573
8910
12069
21273
11857
28530
30569
12702
7062
28640
31416
30453
7556
5474
1220
12438
28419
26479
31698
28808
7297
12078
10650
27005
24143
23013
32015
2217
13032
20009
16097
29266
5971
7610
20965
25142
4626
5560
1696
15003
24531
26829
10311
31888
8641
22222
13087
27338
15821
14803
6976
9691
31145
9353
24039
17370
28676
20341
18822
21463
5194
23313
28610
1209
26170
10579
22861
7454
27010
5852
7508
10693
32490
23273
14380
10401
10717
9904
17904
17072
20858
21864
19628
31948
28141
464
20888
7565
20237
1729
12808
30605
5236
28192
5784
2453
23073
30075
11420
396
26021
22421
14880
21307
2526
4143
8856
18197
31834
14316
1542
9745
24291
10373
941
32699
5932
31317
6422
9062
22041
15559
22499
16430
14238
2851
20753
23210
30279
26682
4859
22857
28523
32219
25904
30961
13623
23273
13904
25843
21521
22009
4328
15593
5918
21552
25788
12481
30422
13734
28603
31500
7615
11145
23730
20417
12782
19681
2296
11940
26102
7746
10626
14795
27242
1602
3647
4487
25909
6562
12129
10447
19506
8174
31849
4270
13199
4980
25671
14317
24751
15310
752
5030
15194
26354
23553
6966
17062
32232
20010
21512
1653
9090
23346
31277
21384
12916
1325
1205
20610
20578
8409
15926
29299
32742
7810
12331
11996
17612
22673
19473
4195
470
19371
28023
18920
17362
26601
18640
29230
24976
32724
1415
5085
22789
10881
19522
10554
19549
18807
31494
29836
17057
10223
31147
30621
1011
4059
8910
15564
20997
589
23941
2723
665
15751
15695
14681
23862
24491
10866
30339
20710
19753
4962
13258
26644
18397
16224
2501
7307
2537
15799
2552
20769
31822
5899
32063
26939
25083
24698
4475
24775
22064
10827
17960
2923
18980
24582
22994
3804
27775
22005
8162
20171
9689
29315
17119
643
1337
8098
27425
25731
526
9188
9597
19918
18814
8644
6535
6176
12268
1995
20195
20437
20973
31414
6672
19660
4257
31190
11170
18447
10282
5351
1446
7070
27441
10663
18895
27211
4962
11416
23400
17603
3078
4709
40
2026
27498
10919
28356
16669
5681
16137
13812
21090
28109
30417
14569
27259
2259
29863
20554
25627
18480
32526
4353
2618
8644
9624
18388
20988
16440
26138
32345
9583
28974
10775
31978
13515
10553
10436
32245
8493
13177
1260
30816
2587
14423
6396
253
12291
14941
26028
12921
26576
19583
23379
29575
21416
282
3659
7169
9165
2416
18122
19921
29594
14173
917
21302
16825
2700
5521
9290
19797
9502
30290
21472
22722
18770
18160
29275
27800
12350
2915
18430
9692
27071
17118
12803
1925
2302
2893
6827
3694
30021
24930
12667
14979
6139
15008
10033
8628
1451
16314
2380
1209
27107
31521
22266
4426
18211
8371
4265
29426
4606
2558
24754
8678
22100
20603
29334
1491
537
26096
19654
7095
11552
15783
24842
1501
16757
14763
14109
11596
7256
353
16018
4801
23179
11572
32497
12450
14923
19928
23092
19587
24811
11966
28553
10406
20328
1019
1321
565
7324
31583
26235
20636
289
15247
31137
22737
13342
16741
30573
26327
1209
20108
5379
14899
3746
26381
20982
7718
33
15151
12264
19669
28594
26187
3974
28630
32686
22234
23108
26322
819
24340
25152
32655
16497
25257
1221
20210
8241
5996
26813
30246
32761
3366
32739
19039
17685
3809
13421
9943
4590
26835
19179
24457
15842
883
11818
3186
15565
22800
28186
12833
27924
29712
32202
8181
17887
28222
18782
24075
30880
4894
22260
1317
23812
21772
22524
9521
1445
18575
25439
18905
32011
1089
26456
25728
22371
23383
27412
7192
4947
2066
12987
23663
11892
5602
29536
24053
13038
1524
5200
22834
3078
14505
11473
30092
29434
14529
14726
15463
25198
18916
29034
8929
163
10209
32621
29687
892
26358
22114
3594
24147
23081
25891
7233
4804
10827
21616
13875
8006
23760
11935
26779
18439
8055
32045
17439
28993
7007
19509
29956
7974
5989
13556
17638
12222
8198
12793
30357
20124
16283
26
20056
16969
32228
17011
16318
2757
20190
32635
9881
14724
19242
28473
23176
17491
26107
2540
14260
26436
30132
9075
3704
12045
20248
24252
14896
327
5423
31173
13391
28835
7418
4708
12923
24684
31395
1987
20530
20721
12481
39
14991
16094
16064
29562
7295
4752
23174
15993
12293
28587
29420
3681
22540
13453
19788
5843
20533
3605
20842
18850
26639
22117
16952
8357
20749
2016
8808
11954
26939
31015
11609
1418
25961
3680
2469
24153
29785
12596
4311
15999
24124
29722
11765
28513
3629
21367
31502
10153
4830
29782
32333
14931
23324
23016
21953
17457
13349
1811
16497
27216
19377
5721
31541
30355
313
6644
16045
29143
8151
12661
10569
6508
14313
19331
15088
12675
12332
29219
31380
12037
7991
3665
7160
28585
500
23839
27240
29289
31959
12119
14821
7037
1955
6294
21862
19992
12655
19421
26808
9844
13891
8128
13848
7020
28785
12166
15900
23568
22324
16573
3939
19561
9833
30347
25116
19540
26129
11285
29252
217
30891
21488
27934
1059
21582
7944
690
16982
18737
26818
19393
16944
8952
5005
24305
27564
12368
31356
1871
11544
13464
2870
24915
19914
16317
21505
23211
18487
26743
4260
17250
1109
17397
24834
180
25754
32144
19439
30520
20850
15167
31885
25345
5679
10589
29056
22114
25435
10039
20592
2751
19891
31213
29506
8869
21020
25693
27921
19361
28728
17984
13302
1369
28520
29104
761
21239
2925
30093
21462
10026
29674
16992
29560
28350
14477
32325
14984
947
9089
6466
24336
14531
21841
23022
15934
367
23453
30451
6407
20869
14921
19870
24127
11826
2675
20513
28723
18338
8446
13495
13597
12053
13385
18631
17561
15959
27996
22053
18831
3511
17495
29120
11111
6691
7705
13287
24697
28072
27303
15447
17794
8484
29155
7101
28477
12548
18463
14085
26957
3189
9251
14881
9372
18000
23749
23387
29552
3965
3482
20392
30832
16996
3533
26794
15329
21182
29873
12818
3171
1140
8035
20178
31933
13624
19811
21036
2479
32220
19077
8362
13280
2896
29357
31073
10282
6406
10556
17422
5988
21712
19454
13730
22273
21400
31961
21242
16132
18551
8699
1850
18201
3701
17806
8654
7510
14656
16096
9257
19792
29655
24790
8763
30981
24534
870
24651
291
32331
14723
1863
31053
19707
6236
24882
28519
11885
5948
1311
30916
10740
2566
19310
29226
17039
26771
12622
8793
15737
5966
14888
20227
7020
28290
25114
22222
14476
16582
11550
13703
24437
20205
27467
12271
5294
22813
22589
26826
24401
31677
26662
20549
5259
24434
4740
15535
20863
5310
29482
9291
24947
7420
8431
21076
10596
12061
14592
29204
16931
22404
23861
1319
7693
6783
9809
13733
3085
22555
32494
24074
10437
24449
11688
6670
23564
18083
18771
8799
20002
14987
9560
26878
13280
4981
5459
8649
22305
1978
7909
31370
22086
21728
23338
29733
505
18691
395
7795
13932
11124
27657
27600
30016
28063
10445
1810
24493
30733
29335
28348
10199
18474
24080
8698
27962
7507
28363
11859
7370
23121
10163
6546
25746
25575
11193
8708
29489
18258
1476
19616
23846
6130
21844
13938
12236
12726
17520
27859
26390
12454
7537
13337
30956
4562
4258
23062
3177
28033
1393
27563
32305
3977
4025
2824
2162
18334
3873
195
9790
31808
3257
5344
20312
15968
27552
4364
30384
20238
23609
21916
5166
11614
14089
29440
24030
23800
25231
19911
28683
10528
10607
272
25660
32073
29730
1596
1474
22408
21963
24503
14046
28222
29196
15869
2442
30514
11693
31875
6833
11816
29964
5540
2079
2154
9144
18034
1766
5180
6024
13386
6301
5795
30866
1944
16137
2920
7660
9824
1872
26871
20816
2755
17263
29783
12280
7561
12428
1133
26292
24516
30359
27748
22890
27493
257
11722
1814
1513
22639
8784
24486
18781
12456
16101
22762
2505
15982
18408
8554
1393
2871
27779
20373
3218
28212
21393
29504
6894
22648
29776
22417
15798
19658
7421
29074
1327
9339
10739
19976
14708
15308
8416
1670
469
49
21846
16935
12133
19509
31614
16502
13618
4199
11328
23762
11357
18741
29438
15369
14888
16653
31853
32505
18335
16423
26463
27696
489
2103
30503
24516
23994
6896
10815
19707
8447
318
14911
9921
7648
4098
19962
5840
21339
14619
27207
14659
7574
16400
8782
2786
16489
27388
26557
19491
27686
26461
13886
19519
103
1944
14137
16023
25528
6708
2326
19505
27144
31978
1729
3552
6851
11183
11222
15592
31523
22143
31940
27002
6774
21958
28498
19363
26361
14183
4183
26358
22839
31687
27301
10102
30249
7155
4644
15760
1003
26223
13261
3775
16490
18107
22897
23208
10395
9665
26242
5795
27139
13784
9185
17260
17285
5437
11722
28806
13782
6299
2986
7562
31306
26026
13806
29546
32387
28522
24472
14043
12284
31824
13445
10622
23329
6234
5411
28304
937
5578
22528
15311
15246
9001
317
10937
4088
4225
11183
12480
13291
22770
14331
4342
12482
28392
4712
15073
12785
3774
4303
11493
10205
26850
2852
15682
1720
26544
30993
2473
23841
25660
23933
5274
21201
13340
23503
11260
21160
20325
11533
19919
29339
27450
24676
3513
6795
19130
13810
19313
10589
20464
29356
15949
19977
28194
16820
16984
20539
3678
6202
18182
9726
27888
11665
26379
17463
18326
4494
22257
17679
13373
12739
6350
14252
12183
4524
29419
30326
3003
18936
28618
27124
24808
28599
2034
22750
2797
5877
30541
4142
6210
20038
4817
69
663
16857
14058
4855
13336
23134
31903
21510
31374
20666
5322
2871
3591
2848
3888
17776
27788
31490
1343
14136
2970
29500
5263
5086
11179
15161
17893
28680
31432
4743
7735
19903
27283
11314
20936
27001
10939
12849
31579
26226
26452
4382
9458
22983
14685
19759
7535
10477
6194
13940
20284
17960
13466
7512
14437
8758
23265
15687
23684
1850
5574
14920
1590
8156
27392
10972
3552
11193
13355
16259
28876
7998
28631
15962
22366
12260
31311
30913
27181
28795
25337
9391
5189
30383
9994
14534
466
12391
31691
3449
22979
15802
7582
15147
20223
25833
13452
11166
15836
29782
30036
13213
16729
1043
6769
17507
2483
4682
23751
23625
31023
9226
27424
9783
6788
6811
22143
30947
12393
24487
10425
15145
18415
19683
6219
6969
24209
12893
8762
16527
13451
28384
22593
25564
21820
2025
30155
15778
8011
12999
31852
16201
29921
4496
21850
20818
15259
5100
14013
26210
22829
22360
29975
4868
9872
4351
7718
10143
26657
3004
1543
2946
12755
21859
13098
17732
6789
24268
23464
16709
19988
9132
10088
28944
7897
21811
19811
31657
14748
28393
21630
24405
5311
11373
23607
21310
24598
5474
29896
9815
30066
21931
2221
23870
15883
1489
3701
32601
26563
28044
14156
11990
8419
21462
9482
1490
20817
18475
13062
8137
8254
8653
30164
23869
5666
19004
26114
12244
11924
17100
5718
12963
2887
16056
18567
16292
31978
6912
15961
32527
21641
18624
21004
24041
17422
18189
31702
25680
2457
22261
9609
8655
22077
1858
12607
17279
27808
7363
32270
4622
11138
5721
23316
21006
16465
24631
5803
2858
18840
28632
31657
17437
29775
13969
7627
22734
29989
30677
28444
16194
15970
17961
28206
24846
4040
18336
3450
26701
24682
27612
25196
24038
32144
8623
2035
15421
31990
14722
23982
31868
27722
6626
4344
26512
28903
98
30673
24761
25804
27292
19145
10472
18974
17896
18945
19951
17327
20480
25125
2201
17960
13708
17448
15978
22664
5736
12949
5896
19124
3447
24252
15008
3191
3218
180
20632
29762
21094
25263
6849
13435
13041
15969
8700
20862
19111
29199
24128
27269
29250
29875
13485
6697
10586
9749
20041
18333
26561
29923
7589
23831
22385
31860
17407
23253
3132
947
12389
31363
20564
26608
27791
16002
29603
10526
19044
16128
15852
202
4863
16871
24054
2382
3377
22740
1722
24654
28992
16052
31305
5081
23927
20153
1051
25236
11471
9659
16169
27320
1359
23249
32009
8206
21655
21366
13560
13109
32003
29853
15064
6395
9249
20033
12328
22249
2229
19930
27655
898
6603
7546
21857
10829
23494
21380
16414
17148
2848
10730
3349
5033
6723
26334
15776
9439
22602
15336
22819
18353
357
17447
9625
12095
2477
5661
88
24432
25003
19078
19881
26858
12067
17778
25790
17122
11324
18595
5493
23535
26506
24192
23607
19326
1403
1595
11019
9156
27208
22449
22658
398
25093
29159
12730
26739
10690
7313
4641
22384
22809
5507
4292
31342
2451
21349
20037
14913
13237
23977
18006
4634
2008
14015
21977
25390
4291
14952
20523
21987
24255
27320
30845
5156
32254
32355
25329
6338
9495
20006
21691
25450
545
6062
24799
4027
3957
1514
886
2593
16615
16830
26166
7416
11632
22078
20544
16090
14493
476
23303
25855
29684
25589
2271
10005
12105
7150
17981
5578
13398
19348
5249
28552
31564
5498
9482
28382
23263
12421
11408
31216
7867
10839
3056
324
18173
13004
13421
15226
6984
18199
5045
11461
22924
9410
342
21007
31219
32411
12966
25253
4632
12347
12970
30816
4968
12252
23717
6496
17058
27365
15153
20205
1320
13667
12444
4106
22083
29718
11225
29359
29107
17311
13668
1231
260
1863
29792
31511
20792
1157
25775
31435
29825
24283
17116
12369
25628
4536
28385
18464
32754
12420
29425
20840
10182
28112
8396
1296
14882
24268
30203
1963
13324
22507
11971
22702
15709
28595
5097
27066
3856
2946
25148
7560
882
26501
6027
30909
4822
21213
19949
10252
1500
22265
21015
11890
4526
23853
24381
28880
7256
29357
5629
20919
547
32570
25089
7
3791
30586
2833
23093
10549
31087
17224
25168
8848
29946
2275
12864
10278
11704
13470
13026
27959
31660
8860
3575
4797
23604
31492
27698
25581
3800
20395
14844
9078
27332
10369
24966
21496
5463
14706
18313
12313
25038
14941
20782
30160
21620
12053
16135
10202
13205
16701
25657
337
4200
30515
32370
15400
13070
30958
11091
6271
4251
29205
29831
1129
22148
4650
13986
27986
21087
10301
23047
24280
4788
12393
28686
23700
15628
4040
17470
25252
12454
14191
5076
4089
26768
25426
19657
21939
19
12706
14692
31040
12423
16998
1953
4198
20677
2915
24097
584
6310
25330
15765
20279
21698
20998
9841
31337
17862
26994
1926
14143
19090
25326
11969
12381
25012
18928
22206
11151
1085
24497
9026
6789
26081
18242
28965
26468
13444
4272
14474
4445
20051
31086
30876
6698
31475
1650
21794
20078
23005
4552
510
8469
12301
23221
25409
5673
7308
30386
27140
1241
24409
27174
1732
25840
4458
31413
23880
17848
25460
11636
22569
7023
28891
1527
24075
23734
27816
24151
24715
5492
12016
25859
23764
14737
11446
16088
1302
4179
22327
3241
22586
3445
6673
31439
21644
29632
4635
18422
3578
30229
9849
9820
9245
18869
12144
2253
1588
27567
27656
14038
22008
13912
2136
6313
10153
997
26659
31260
398
14415
30128
16190
17755
31588
6572
9761
3737
4991
13935
28557
16305
11132
4521
18871
26164
2815
6378
29119
31599
25568
19185
28221
8522
14220
6418
12851
25993
11763
21619
84
24752
31673
21626
26066
5791
15895
6249
27764
26382
26592
24779
20416
29250
6237
18069
677
21093
13417
7062
16022
14126
29593
3367
18079
15212
27246
13175
3415
379
31471
14962
23086
13492
18519
556
26993
7666
13141
27081
23533
31476
27239
20877
21869
8876
6115
32183
13674
5758
19114
12035
12908
3541
15745
15336
16163
24900
25754
6081
12636
23637
4151
19555
7310
21655
24039
5541
18452
18667
28784
7648
14650
23969
18324
26571
5050
29689
3214
3930
4952
6790
9110
29158
29654
9173
8972
11776
8157
5427
7623
7438
17031
22763
30571
19289
24295
18204
16079
10619
8828
17687
8486
27768
31775
8844
18513
5218
19321
15866
1877
2173
2787
29531
14847
20654
5393
25831
13594
31844
20270
32127
24115
6442
14661
6019
14370
31764
18284
15486
15812
13845
16517
9610
17731
30396
22435
15451
22695
1087
5922
22479
3937
1841
22826
12333
10997
1443
26621
26105
24087
704
11045
18996
25502
15785
29447
10183
12655
14796
21811
23397
4176
10607
23352
26595
7607
30798
7653
21062
17249
28729
21193
15395
22505
13701
30716
2571
11943
13184
20762
13168
14777
28903
7173
17612
28969
3605
24572
25965
3026
24285
20211
537
29398
4876
20809
15499
28175
28103
24420
29315
12837
19714
30905
23174
22597
19816
15239
19574
13156
3469
28065
1613
24251
29602
22021
4163
25031
2601
11977
27099
747
28482
13039
17146
1512
29696
22414
802
22507
24092
9837
4671
4474
8780
1839
16164
29993
32601
24631
23547
30996
14325
28043
26132
26483
26209
4485
21392
23281
14614
30409
25010
2854
14335
2041
18813
24904
23507
19893
22592
7717
18239
7229
2675
20026
7138
13787
24242
7197
27211
2528
30253
8651
16017
19663
68
16409
31353
20872
5339
1545
23852
15771
12077
561
8490
32081
28336
14636
14163
23250
24627
21297
304
19464
29870
9636
24085
456
9626
23139
20281
18362
10223
27326
702
16763
7763
1313
32215
22151
30596
7018
5208
27503
5792
3123
10604
4911
7030
6743
7304
24209
21413
20002
16096
2003
1889
19938
27444
31002
22442
3006
11077
27965
7220
20657
24813
6620
2474
14387
20327
9798
4166
14779
17984
14720
18917
4044
22350
24865
23312
9603
23564
27636
3027
1821
13452
31831
2737
4526
24847
19154
19909
31108
29548
28101
32222
9710
31025
20818
14885
12241
24742
2882
30214
14414
10608
11921
29069
11487
2933
15
8717
22463
3278
25789
27966
14521
12442
2790
16798
13959
32379
30589
29447
541
7309
15383
23394
10805
11693
22326
26005
21733
14834
5875
25396
16403
25818
32328
18612
19947
8961
29712
113
22717
4731
27048
28626
24825
18467
15138
4440
1365
20437
19609
29969
28577
21757
24336
21334
31766
21134
3221
23845
1510
28896
14414
10900
1763
25100
9647
12407
5768
26306
7654
4566
15320
9136
17661
598
14031
11534
7366
24777
22742
7394
2719
10555
551
31763
5455
9658
10692
14734
26968
28180
4397
23598
28900
15054
39
7509
4564
7084
22999
26346
14702
8999
31709
8556
2508
32496
5850
30665
27472
31707
7687
6083
17394
8234
19224
16207
14897
9887
20682
13321
31729
12355
19232
28603
3712
18504
14413
8227
14092
11748
5244
30934
20359
19592
15179
28534
31705
6133
7221
11775
6122
9232
24536
12437
15694
1133
19231
3875
27694
27287
596
7725
23869
5751
32356
4806
23861
5803
25506
22912
13793
8386
30757
4007
29642
6372
20307
4241
26008
4579
3563
5510
25940
9898
6229
10806
27123
10160
18542
21026
1880
31245
14732
25906
1725
15011
29098
29223
15019
3625
25888
24704
6646
830
32548
21464
22763
18877
28184
13289
15908
29588
14485
5769
11314
12476
21477
13942
14470
1248
25385
29474
24395
21588
1708
15782
3137
11309
28015
19550
22133
24352
19672
9682
7783
13541
296
17973
7853
12104
23918
14165
32001
2024
12241
5649
30995
10127
19078
17641
23119
13112
25394
17448
22776
11921
174
27336
7900
17523
3829
13342
18607
65
19260
5743
920
10197
24619
17498
11985
15264
19551
8996
18554
30177
19238
31826
2690
4367
19857
11195
10043
21740
6466
28867
14847
22982
4361
13691
19074
29492
3641
145
25918
5572
21458
7603
5929
21031
12092
24375
18717
14597
12468
18256
8785
14673
17058
20071
8673
22611
3710
14789
24333
2698
13226
11749
26451
10809
21227
6944
3839
15786
9013
7408
31371
27974
16633
29466
19566
9360
14267
2044
20121
23333
622
9329
19771
7157
18446
22642
29893
32605
22048
11526
14064
31269
16112
15094
7422
5007
15072
6408
1096
24188
20947
14935
24325
5948
15427
10141
28413
530
7508
9219
1436
8076
18892
16519
31739
30699
3632
19810
31341
22308
16814
13668
5664
25236
14760
4435
12324
18449
8144
21040
9077
379
31391
5038
14564
12963
9052
8644
1695
2308
3341
10908
9782
28306
29758
25608
28850
30966
14605
18511
812
6136
16146
23614
14918
31162
25694
406
20195
14068
5314
384
17855
12818
23476
22705
3059
19508
2788
21503
12365
27962
10100
23351
17424
5825
32190
32359
26897
3539
15308
2843
15458
6536
20212
18648
3138
32659
16625
16230
24824
4864
5622
26437
13240
16985
4172
15727
5638
2143
29252
5468
1553
30118
8365
29778
20612
14218
3188
14184
15537
20970
4019
22990
3362
23798
26984
31250
32443
293
19172
31462
12956
26063
16946
938
27451
17874
1480
24085
32518
1268
25201
16268
10465
9777
8947
14024
23896
3036
28684
16726
6469
23662
32140
11948
16185
31980
5525
7867
12894
27607
5378
26240
12950
16110
11111
19608
13072
32072
19166
24384
4934
31706
30220
12484
18574
2158
10271
20137
28080
4326
7612
28782
553
31137
30441
2143
13303
22947
6449
287
30409
20250
28747
5187
31933
31030
3161
20197
18245
20561
8849
4638
12195
6415
32354
765
23424
28783
11436
634
18090
26248
14720
21996
20617
32465
7523
5912
18185
20673
21329
2740
27783
16497
4037
10335
9176
23776
7355
25211
12752
31355
16357
5076
2066
12398
10380
7415
24062
2277
11366
7941
11027
14951
27455
13850
9975
31483
14321
32439
21713
15629
25355
9712
29720
2811
12518
31054
7801
21556
16276
19658
14571
9580
2376
29797
13470
13458
3270
29306
23590
7327
14278
27832
26591
13822
30609
5455
9200
4480
14003
24792
8918
20813
19804
2354
28752
25240
17284
13854
14750
29063
7032
11296
8504
6662
23394
18436
17262
7501
27708
7141
695
2816
24655
10608
14563
28111
27557
21120
1172
25055
9572
2801
7186
4095
29427
29090
28153
20970
4400
14084
14526
6477
19043
25066
32522
5231
12391
25663
1523
22510
32557
15465
12736
24227
23444
6223
16870
16382
32382
13574
23482
25817
12104
16319
18777
4066
28914
28902
24734
28600
16741
32500
25683
12729
17524
25522
1872
15284
24837
27382
23392
15896
26173
24739
8892
13860
12364
4073
22767
27278
23940
14495
5017
27151
8235
10718
24858
8249
11669
19937
8497
21995
1719
3365
14058
23293
15401
24491
32118
7258
5735
30102
7819
1388
8999
4631
22611
22670
2038
22453
32220
20227
30772
25688
7108
9550
17771
7038
17892
19920
24901
13846
6756
26585
13296
11411
9800
24185
5217
11294
7205
28019
28133
30728
8511
29805
15919
16639
31653
13642
23591
18753
27486
10921
1666
26232
7299
4760
24264
27181
26212
30298
27190
20782
29347
31066
19994
16017
16539
24258
15478
4573
32744
691
32659
15624
31843
28652
18950
8135
32445
24310
7552
5052
14382
32111
8647
26345
6467
10917
31771
2886
28017
25373
15788
7603
8919
3583
7074
22515
18732
2348
27087
24969
16568
3197
12707
31739
21583
23977
12090
22812
69
27125
8628
19837
28138
23795
30720
7883
23946
13679
13164
20098
22212
10933
913
19791
8982
20544
22217
20217
29965
30982
17459
13203
19094
25876
11072
10267
10349
12027
8861
8764
22347
20920
9431
28100
6581
548
25267
11026
27955
20157
6138
16866
6164
29800
13190
19514
4615
26095
30860
1489
2604
432
26865
27304
6168
7228
29687
3734
29516
18346
8074
15130
28408
9165
14290
4825
13145
25565
5044
16226
31357
32324
17821
8312
19012
4601
15676
23489
2928
13155
26304
109
6169
27673
7536
23785
31062
9726
29218
29674
21006
15351
2899
10367
26010
5523
9082
16718
6097
22495
8224
17457
10166
17688
22472
17163
13669
22025
3008
17576
8581
23896
27701
13526
4517
10221
26548
2933
26273
1564
29125
26470
31389
11651
5522
23593
15289
13067
27599
2756
1548
8226
27507
8322
21994
9429
30803
16377
12530
12502
29563
12840
12668
5279
28831
13145
13988
4704
6689
3737
9012
2271
16992
19343
21718
20873
9258
2493
4353
3734
19160
30554
4845
23290
6329
16017
23837
29856
24019
31010
31344
30889
24422
30476
23252
14095
29391
9174
25264
18364
19275
27281
11040
1547
4033
30590
19521
27009
15660
17020
7413
19220
17259
26344
11989
29166
7070
18242
6438
25209
16673
10596
16427
8873
11097
13473
21110
5414
3801
30906
8722
8191
22691
23466
12001
22463
2602
1750
2550
14464
172
29777
16483
30756
11888
2721
32348
27360
26162
11055
25856
1312
6785
12744
3603
15306
31447
27735
7622
28508
9568
75
4867
28781
22911
18623
13034
17669
10429
23232
18407
17439
30419
18479
24935
292
14063
19525
32171
855
8553
4676
21691
28883
25607
23522
8109
24417
3553
25737
10163
4615
10032
2373
23137
17316
4498
10198
6348
16276
16063
13646
15117
8398
1488
26943
29236
3124
27461
8527
29752
24170
17897
4754
30905
2199
10592
11793
1072
11993
678
13288
25284
26711
21568
28276
16858
7783
17295
15047
3251
31467
531
28000
2339
6498
19744
13375
28698
5333
32105
21258
3597
14974
22441
15107
31810
4317
17154
32253
8989
31801
23780
9840
19308
20762
13125
20175
14797
2719
3215
17591
9851
1912
956
30584
2614
12900
2495
5184
8984
23095
2038
19069
6902
21281
19397
12697
27247
16078
7979
7190
11094
29966
17743
126
32526
10865
15795
28212
23390
6067
3573
6545
18585
23570
26822
30129
29740
11169
12163
32122
1798
26957
24727
7949
16288
32661
22020
16450
20643
13629
23966
29634
2174
22872
17897
6393
24009
29371
488
26479
20311
2464
10616
15340
10767
5257
25154
12891
16364
31598
12172
14616
10028
24678
8906
13921
30230
30704
31215
3505
149
77
27190
23483
3934
7462
21453
1985
11925
5477
19552
26542
8197
22330
31801
12218
1660
28799
27887
4012
1957
16125
4787
22903
27601
16153
22630
25805
9316
26720
12785
32024
3053
11894
6205
4080
3964
25810
27870
126
10829
22491
6822
10765
24336
14230
32050
3628
3726
15628
7200
19819
27873
25700
8405
19921
29578
4773
13921
24744
31101
9436
6707
16877
26492
13249
25027
30541
11226
12935
6099
17114
18546
29226
30598
11514
32577
18333
13660
25336
24584
28630
9650
375
29647
24287
13454
12061
30231
6458
2781
20559
13339
12793
2048
1844
15514
30362
14232
7147
2929
32000
15155
12897
23504
21190
25851
21573
9341
11642
32606
13279
12940
15205
16918
25698
7319
18599
31302
21595
29077
12808
22394
23410
21127
18849
15277
9433
22621
4485
32082
23974
3219
9834
20734
5958
14590
28153
11977
16340
20250
31429
21265
11120
1684
7978
8931
16461
16902
22038
7378
21410
24012
12845
17822
25007
31238
18288
17016
30458
25242
3279
8308
18282
18520
19555
8999
7596
21675
24778
14210
2385
26488
19470
21359
16000
2323
23788
18148
21859
9940
25716
22389
30241
7219
8077
9915
24201
14809
2457
26096
18757
3189
8032
4047
4532
4148
31107
25616
8250
26153
23959
3024
25298
6988
22891
15135
10197
14801
8764
26018
11101
8742
16937
22882
32099
3955
30382
20400
28658
8275
30187
26054
24250
19625
6369
9896
32129
25231
24851
18226
25920
27609
5597
12286
4987
6536
21498
3262
22965
21903
26289
11687
20948
31986
5365
11698
9289
28574
19254
27018
7494
32184
1170
25086
16170
2166
17365
12685
24835
21053
25496
14868
19206
12767
30914
15441
14786
12689
24996
30827
23090
25406
20803
19736
14970
19775
5574
17556
8421
28561
24881
5965
289
31465
4485
21733
17177
21150
15534
26571
2748
31450
8962
11765
31682
12834
29866
1390
5958
19894
6297
1284
27592
25468
8325
18961
30820
19017
20553
15697
18099
23270
21574
28352
12552
25336
19601
31555
4177
32137
23087
4759
9393
11396
16846
5880
8388
27784
30128
20307
8175
14806
12117
11243
9333
13323
30128
9699
1879
2689
27801
29281
26841
11763
51
17067
18055
4428
21980
5933
23239
28344
13872
24754
3533
25013
22111
14950
21927
8427
32352
7073
5637
17814
21725
7434
7178
30334
29596
19179
24738
25573
30343
16379
17789
22060
9953
18834
18999
6890
19940
25641
26825
15449
16668
21439
32296
12691
24783
173
730
3812
25291
12328
17552
2784
14823
4111
30416
5996
21469
30756
22810
24618
6404
29802
7339
30582
7572
5664
23717
7228
30455
10902
14743
4401
31123
22361
28169
27435
9419
13824
24802
15436
18254
3532
5947
16316
32066
10653
22181
15290
22408
31937
8269
30135
25064
6844
26446
20960
32114
6359
5880
19803
15181
5136
22231
6110
3482
9129
30566
2901
21387
6993
32745
16185
27923
12201
10469
231
32688
14705
19727
14229
22996
14161
32080
24619
30735
22566
1131
26975
1818
4739
4220
6208
28024
8386
19432
9242
20250
24444
2810
22046
8402
26050
22943
6396
31339
11654
30456
19359
29769
7203
30733
22350
1272
4374
27901
7237
8360
14813
10222
6229
6449
12954
27605
15599
17190
19585
26432
18830
19089
13908
29764
18418
9290
5961
31386
25325
30779
14212
30922
17832
26896
15945
20639
17543
18631
17902
22785
10507
19496
7230
24930
6466
4472
5305
7049
1963
8785
19646
29712
1446
1051
16843
16806
19640
8211
31469
5380
2633
25272
30047
31669
25544
15539
13014
17537
8917
31507
16032
11263
18591
27208
20168
1883
5558
14706
17157
13219
16230
28218
30131
27931
19092
1497
7347
23455
18862
32135
25926
5217
4035
1402
14629
25118
31493
20315
10214
7209
755
15845
12780
20956
3217
9018
3333
29061
30056
10669
18522
25263
29130
22882
30827
27027
28849
5785
28896
14219
20545
9993
3578
14969
13355
16915
7319
10712
21041
25328
18390
21864
26627
29632
27500
16173
30176
2129
18325
20599
24523
18760
22888
25296
28925
20215
25529
16237
11715
3637
31917
30887
15772
1675
14012
19636
28083
16238
28747
6331
16433
6262
7124
7388
29354
13088
10742
4070
5498
7587
2129
9759
28570
8644
9246
22100
28779
14792
16344
7905
31087
7786
1505
7817
4272
23014
15583
811
14966
20449
25044
19441
30287
29973
26898
23093
7324
32524
17836
22980
8349
23628
17381
11391
27547
17324
8387
8391
9666
8404
1435
21590
3736
30256
29251
12156
10224
20837
27201
4736
18827
7591
31126
12611
28839
12982
2447
22306
9562
30975
31534
13666
4032
18164
2089
23723
1455
26729
25487
2841
26729
5764
24783
22296
13594
31517
1292
11117
13620
14782
16168
8154
18510
17883
24879
29195
24447
25318
15047
6001
23038
28944
28743
0
17550
5113
7611
10806
24382
1296
12758
6983
7958
1995
16240
1570
22767
21507
28419
26588
19918
16390
7592
23892
30957
23724
29379
1464
11538
9471
3631
3571
3777
16626
8042
4208
29365
31198
13613
25108
18239
19496
10593
24489
6735
28649
28555
21165
98
29491
29249
15381
9515
21574
26003
29214
22782
24213
13546
3873
6330
11153
27133
9955
20292
7156
975
22255
9820
14902
29649
24811
16866
9680
13895
16616
4832
29899
30991
31802
31443
29900
19250
552
18060
18157
7825
30096
27306
982
3595
8466
30660
562
20328
29323
11863
6403
16406
2770
12389
23728
350
31220
24608
2399
30355
29396
4466
6448
17879
30026
5303
11090
19382
20537
32365
30117
29260
7710
4097
25146
3449
16330
16273
30114
13639
5219
16070
27063
14806
13214
30482
288
1743
18511
25704
8754
19217
6526
18845
1884
29583
1322
12641
6764
21721
5790
3480
18938
24551
356
2698
5273
7871
23939
4281
99
2247
7096
6816
20126
15226
5716
7621
14459
25674
22884
24673
13823
10942
16754
28424
11843
25432
27810
14821
2670
3364
32409
10292
3828
23928
15398
14118
18413
17649
19371
9215
23113
4914
31886
7230
23474
19296
10507
28303
7480
8112
7958
11908
7220
23830
8988
10049
31247
12061
26291
12519
23602
12630
16516
17053
10357
21550
14509
7852
22673
13906
31745
27696
4305
19973
27829
12433
12264
24938
14681
15274
17921
3584
24017
8429
21616
20553
7381
5783
22818
346
26936
6342
8435
1704
13711
27556
5206
19329
14154
7105
24489
30341
26816
20542
27151
13966
26281
8871
23142
3459
22589
18525
8555
9478
22441
18020
3555
1723
10825
22522
14147
11479
31130
14030
25095
27319
14782
18057
5118
11590
31543
4021
24390
9068
9508
5129
4293
18985
29632
25163
21567
10944
30398
30102
1134
32236
13090
19367
32142
21129
21499
11827
13280
3544
13875
3884
25602
1018
27884
15088
11558
30274
16296
29893
25045
10928
12245
26190
18822
7594
23805
10854
17453
16957
23095
6457
12211
18257
18585
25223
23303
18067
12004
18300
25628
7533
552
18589
25723
9731
21464
13086
17164
3791
2537
21130
11596
13161
30521
26627
15830
24201
10694
9440
19589
20111
25607
19892
6506
12983
14980
30554
23721
5808
9739
31212
6339
22054
9145
5432
25917
22734
1778
20505
15919
20459
27089
29189
30727
17760
18973
30203
23075
28922
21933
8460
29134
18528
21227
2468
4098
12807
17596
25360
811
22607
30277
25574
17453
8418
741
18424
5173
17669
3345
12197
7587
22880
27252
15509
9653
13360
29617
16668
29078
23170
11017
6287
30955
16472
9607
2574
17707
14053
10186
24562
19573
20446
15870
8052
14807
32076
13206
807
10215
2046
446
11522
13354
25248
9925
8251
14993
23284
4258
8395
19083
17784
9834
13619
30441
22505
17319
26347
29949
15047
7055
30434
5058
18129
2459
26246
12068
10803
6557
17295
2706
20722
32368
7553
20572
31926
15022
10198
11286
12725
13969
6009
14001
17511
30689
1351
13888
17752
18155
4649
32004
15013
112
1704
19520
9941
12289
15532
4674
28225
11631
29185
18391
11655
17503
23804
32705
11915
21815
11293
29297
30702
294
10904
5231
20927
604
12112
28069
4950
17317
8805
24624
3156
14515
12501
8975
21947
4815
6132
28142
18895
23991
18447
31718
29591
3662
27603
14795
5762
26744
27367
2659
2405
29747
2817
7477
16576
22674
6534
24947
5684
28770
31154
23614
2183
10177
14622
9222
17247
25951
3759
10006
13191
9199
17606
18138
22221
28921
12915
28292
25675
19405
13784
19480
27793
25951
24844
7633
18275
30560
28133
2843
19913
28813
23779
28286
23918
3237
20489
22825
14970
27176
7181
18015
14456
43
23018
27611
11983
25402
14390
4905
11838
15544
6245
21634
22995
21622
14269
11512
31686
20296
15897
10464
21255
4502
27189
1768
9482
3364
29931
17285
7006
23308
13292
2167
2093
870
29773
6984
22668
2241
553
7192
7324
5088
11353
16107
1628
15883
29847
14819
3834
25568
14941
21226
15754
28082
27281
5889
3629
25892
30987
31646
950
19228
17091
18282
9166
29081
10686
13989
16687
14379
17312
5279
4956
19840
26117
9684
14446
24340
19469
12525
26238
38
32139
30117
27423
29445
31736
32698
11822
28664
15367
17439
30697
635
2672
23823
13634
23876
30510
7753
30769
13602
32594
13414
23493
5224
4798
13450
31562
4016
17999
17399
14532
27763
18605
6264
17564
31952
25943
22641
574
26406
11102
23487
9241
7416
2258
18776
32296
14836
6601
13087
2926
8095
19149
31178
30077
2579
3051
16510
11980
1280
29014
6509
5502
19236
19610
18508
13964
20347
25283
18070
24756
8284
7064
23298
4455
12614
3615
13975
13385
17007
12306
15824
25049
4106
22518
4147
19818
7380
32580
3343
8252
2327
25361
7559
23337
13475
25648
23074
16744
28199
27875
26374
5855
26501
8382
19389
11784
16850
30959
18913
31536
11025
8573
25505
2316
16044
27424
9434
1727
2405
32581
10336
5105
22037
23082
8536
16720
8875
24402
14348
21351
18963
26730
13071
30329
21433
21311
5383
9223
28692
21816
72
18595
4605
10958
29599
29213
9183
18123
5713
26837
20058
12210
4788
15257
29145
10601
22335
2221
28486
5403
30842
26717
26384
2490
21592
32667
22977
23890
22687
25693
13818
30581
28614
69
30712
26845
24438
2648
15597
2678
5227
21425
12376
2684
29160
23456
12583
17001
8681
4303
21335
11047
22441
23041
15953
1612
7906
24152
14209
14314
14494
12206
3868
13791
3417
707
1426
2590
31546
18235
15306
5628
32582
3749
14875
5015
30160
28490
12999
29969
231
25233
21143
5089
15562
5184
9458
12846
5046
25934
5446
20616
12755
29258
4370
32737
26373
17781
15389
22939
5839
9853
8625
17522
28964
6059
31962
9201
25263
28019
24415
29586
16180
13106
13972
1229
29921
7722
9196
12933
27056
27352
23437
18812
4455
18083
13655
7248
1305
27718
3871
26327
29892
15721
28921
2470
6480
7313
10278
9120
5500
22083
31233
11019
8408
4410
19148
26510
30478
2026
21650
4591
10106
27100
17944
133
24812
27827
7225
32621
7003
20290
7473
20731
21251
2882
22507
15278
28593
329
5443
6196
9985
24838
1653
9654
3133
9378
22376
15797
24597
17529
4304
2624
19038
6245
19993
4030
9732
32503
23151
2166
20576
3561
5929
15843
16093
19785
17618
3179
1806
29216
16834
31483
20250
24543
32469
3017
24707
31978
14332
13155
22185
7974
21482
200
30232
26326
10397
12181
1075
28452
27219
19749
4033
627
3047
4065
9035
28243
25031
2178
19374
19315
5485
28469
18127
32563
9079
13951
10163
427
22567
9972
10662
1237
6246
7005
12108
20456
24881
32048
31137
2788
19221
31265
15636
7843
4907
7631
18834
14553
19926
30259
23151
22947
5148
27824
16313
11289
22343
19572
11934
24416
23104
27983
14230
4837
20113
25946
7036
18232
30071
32052
1005
28002
28185
23204
8602
20550
22635
2901
6005
10282
9203
24304
13360
24983
16034
11259
14436
22920
12465
26261
24196
23850
7970
8989
1822
30673
32669
16126
13493
4712
4319
24499
2385
458
11631
29977
4737
30531
7265
16711
26245
25510
1198
1633
977
11203
17203
27743
722
29116
10543
29241
21354
9465
4516
23523
18544
20419
13834
28946
352
30580
13450
1349
7830
12396
22488
26383
22307
4331
22405
10754
16919
15480
2556
14168
4721
26761
17390
30470
29499
29124
10541
4781
23232
13396
17920
29869
14997
18176
32255
8895
30704
29117
32647
13022
25743
8553
13485
8128
14269
10840
11075
30587
26929
15374
31967
28853
6691
9744
12910
10722
1394
13051
20803
21031
19370
21455
29315
15649
25622
13103
11379
31116
8954
8593
21959
6792
2582
18784
30485
14553
31195
27046
24903
8052
15803
4414
22456
11110
21143
30731
27165
13760
5025
32345
19398
23063
19297
1894
28896
21993
21918
15004
8301
5392
9158
15911
9561
15737
3883
3422
19361
1896
23850
12449
19064
23021
8540
25453
20129
1507
16911
1427
5212
30690
20346
5397
23486
27919
4772
27711
31418
5088
5839
14061
17539
16609
13607
27188
21553
6188
19111
24592
6098
13271
2543
28814
22466
7734
7664
14901
19415
15685
18780
30952
9238
16477
24182
15014
8654
5935
17765
18459
8303
11391
1890
26492
22293
23165
28342
18245
16283
7200
21128
2882
20915
24515
10458
8237
7023
22003
6707
22510
9800
25770
30514
7535
7177
26996
26455
20527
31615
9242
31235
5477
14409
31169
11174
29875
28059
11971
20248
30338
7895
25922
10128
3807
31688
12775
23681
29009
15102
13372
8744
11836
4143
14331
24759
12764
5195
3107
28084
3172
13088
10737
24790
18575
31976
15570
11683
822
1450
1796
27852
31956
3340
17740
20281
32322
23036
31629
3277
7500
16357
31484
21720
28021
28711
17474
3558
8812
4724
10908
2730
27451
8946
26875
27753
174
26636
4684
23994
65
31215
26518
18683
9408
22809
10370
11486
24399
32722
32240
16894
16879
1203
18028
6429
3532
7685
6311
7440
16855
10028
25917
19638
32721
6642
6645
17219
10894
30184
130
12992
1038
29528
25898
20906
9184
26734
26826
25523
23187
3216
4546
2709
4261
1931
28343
30050
10251
16001
25198
29382
17975
8482
4618
30940
2065
21483
15064
27945
22540
22248
18376
29729
18817
27186
20394
30256
26200
15267
28689
2466
16328
6131
28992
25497
11815
11255
11662
29478
2620
12331
8478
3345
9769
27255
20547
10886
7638
6193
32417
13524
30484
7047
23246
16450
20053
20183
10746
3007
20846
21428
8175
14698
32518
7644
6328
3656
24170
16063
8365
3221
11230
14392
4746
17124
14637
443
17931
19046
14085
25005
18632
3388
9570
26092
12913
17271
27452
24217
12101
3980
25758
31810
9393
1669
22296
11023
1063
19165
14889
11750
31043
25462
8923
8514
12454
12580
23036
21514
3870
13087
28813
2890
22727
12073
25326
13229
29035
18464
27624
7493
17194
8434
12048
567
7300
23221
15996
2576
23910
5709
19884
4618
31859
3272
15672
29027
22685
25583
4775
18853
15325
23249
4935
21378
19996
19735
29885
23983
15113
2146
6506
8088
26064
22729
15363
8158
761
390
23023
30885
26076
8573
22631
1908
5780
6669
3219
12978
29210
20849
3930
32348
4858
4081
15166
3119
5891
30288
17625
12639
751
25612
1674
31148
19065
5866
593
16960
10389
27849
10270
841
2795
4692
28018
137
24466
11808
27085
15830
1546
12697
27144
233
24805
7144
25049
18015
25253
4483
31239
12751
15227
20114
5198
12808
25489
27832
25512
21225
27385
8173
10836
10438
12108
24121
14231
18942
1986
10778
16821
7264
14876
12615
29859
15649
1138
30766
21088
29170
4006
13926
5380
28140
22066
7179
21756
2409
9887
15400
16951
1058
30679
25508
20559
9059
810
317
6081
19276
16310
8509
31653
20722
31199
26634
10956
29676
20910
16850
31527
26274
28592
25816
26486
18153
7454
16257
26186
22871
4138
2007
24627
28118
17034
14050
20615
9970
12862
8506
1921
31216
21164
18517
7511
630
17559
14112
22051
19669
23979
12519
24140
2905
8283
27889
32643
19533
1582
4590
16291
17717
25859
17758
27353
2381
29651
20677
3387
29375
2858
18594
19579
19169
7471
14815
7388
2292
32232
25907
20677
23135
28000
24924
11760
17617
8063
26866
5548
860
21178
31676
17722
11513
16861
21651
13484
25422
23213
20214
10038
26997
8599
29200
20850
16187
23076
17990
27818
17700
1000
20649
19156
27207
3210
3972
25156
6843
9503
23829
21956
30532
14571
9327
16639
20908
20994
20807
13927
18199
1251
3822
25010
3271
6107
30178
28855
16605
17238
1789
27677
3020
14174
13483
4366
30469
13025
9696
16469
27439
11140
4180
17756
22240
16202
22516
31503
17104
7080
2619
25600
1510
5329
24662
30814
16490
12744
3673
8040
15871
19636
4761
13988
2888
21414
30053
3762
385
27839
13773
30895
28175
25803
3748
20516
7123
24413
10392
26578
20671
22105
4560
11493
9026
283
26666
19834
12738
1170
20797
21479
10574
2135
12709
28982
28453
14567
29513
25629
22967
7340
13329
8758
9662
1860
20921
31464
17432
25077
18575
28508
18288
18028
7887
29495
27879
20270
288
9743
24729
4484
13087
23844
13501
2780
18464
28669
27870
11455
28860
26079
20287
25836
1499
19108
4852
11473
7789
9755
30099
21890
1279
13060
7630
31484
31533
4870
3730
25578
14644
24320
10040
2991
11806
28226
32113
9425
24114
29725
17115
3959
8631
18779
11550
17284
21987
21133
29075
15366
30362
22095
1152
6323
23952
18783
15181
1906
31458
11056
13364
2466
4648
18403
11521
15570
17769
9347
26310
11921
28959
21553
13881
10560
21081
10293
26994
6433
2513
19350
2959
7100
12012
17216
31004
20733
20751
22892
31815
21642
25476
10836
16643
21732
3135
18250
26734
11148
15706
9419
14406
15703
14770
4965
727
14345
11018
22293
238
11943
13101
9124
3177
25088
10846
23398
12750
9491
12340
25519
9985
27534
5580
15879
26271
10935
1269
5119
431
11031
13997
19806
8000
25926
4453
8915
3097
4184
21396
22337
15534
31906
19530
18772
1011
1594
6349
3534
426
4091
17460
32255
4272
14491
2629
32541
4486
5585
3068
5228
6984
28090
5631
25566
15048
17079
19968
353
23864
13553
22826
9676
15486
7121
24196
26060
3243
19405
20308
12768
13931
547
7394
22243
6048
17549
14481
30647
12010
24711
5250
7846
19007
18117
32146
16634
568
934
12858
9846
21333
19137
26329
26313
19158
28113
26175
20764
9238
24370
30964
31706
22301
20500
7539
13383
32569
12249
5447
15349
7818
16267
28056
29231
18025
16816
18486
2884
25394
9715
14291
19547
10744
9952
31613
32717
10127
19092
25328
8645
20510
2529
18849
9257
22982
12013
7941
10935
3364
26868
10113
16653
4439
16416
19617
3799
32359
23364
10043
24886
20966
4451
8376
20457
29048
15305
17587
4906
1775
1340
31201
25919
23473
32520
15844
31462
26050
23601
15010
10762
10964
30954
70
17396
27163
21426
7689
11081
30050
14635
28303
10838
19771
4553
30416
8996
25521
9060
11839
21651
7761
12404
20317
12469
2381
17389
13591
11341
14998
29075
15462
8299
861
949
32135
27546
7043
1231
26028
15396
4938
6193
22520
3486
19979
32413
5118
14060
2167
28468
30181
13878
17170
11053
20802
7918
26246
1423
6425
759
31484
29969
20859
5432
18223
1114
28580
9411
11063
31881
9832
7662
10759
535
32200
11563
13761
19039
19872
4377
23691
19302
21123
17721
28701
15152
28895
31370
20755
23556
19969
19527
29095
24061
24786
18752
16981
13564
22978
1065
17824
11732
24444
27913
4583
31750
6592
26877
23726
27520
25170
14391
18180
13595
12579
7034
11674
4064
30291
28427
4252
11297
19806
2413
7880
8976
18971
24912
3336
25755
20114
61
22576
106
2858
14771
29335
17434
19305
776
13757
26965
27072
6501
3234
7342
14223
12818
885
20922
17530
21861
13767
27281
9697
30171
16606
2146
14030
22841
366
31037
12857
23936
11774
19057
30751
25127
4268
14988
1470
14370
26025
4486
9578
8799
22611
27995
18871
19180
10221
2023
27707
23345
17093
18370
12288
621
24458
14231
22425
19886
31470
29473
8726
11719
11304
8251
22327
1102
21762
11689
2016
22304
17725
18095
13425
7542
25246
16882
12060
1596
31154
23127
21987
22377
27708
5071
12443
19509
32349
11775
7367
5268
23719
1417
4241
17018
2706
11933
6153
20844
22537
1346
23826
3022
21318
29508
16409
18585
924
11534
4926
29852
19601
8269
24156
15975
9607
7007
9915
26950
17597
5375
17230
27433
11135
18461
18129
6415
1128
3001
30319
6562
13473
27521
15675
16169
24177
29962
350
24931
21469
3181
2400
8121
30910
12469
23252
16144
28962
18563
12634
12146
2363
23562
15270
20497
10463
3773
24004
7778
23235
22213
17392
2298
1154
9666
14266
19760
17358
15732
12585
21063
21947
4026
10284
3461
27902
28658
19876
5394
11713
7780
28104
1053
13508
3435
13835
17243
21502
3605
12810
2451
25083
21959
10256
29204
9500
12331
2096
21387
9964
28330
5950
10286
15754
31512
620
21145
3199
629
10021
4603
5430
16283
3420
16866
31270
7144
22725
13855
23581
12801
15856
31523
3255
2061
22783
8820
3228
12412
24236
10508
10253
18893
23063
18019
15514
30963
24868
11697
5417
25656
23030
21829
31987
30062
23234
19242
26117
4524
1051
23571
398
20912
18378
16729
29543
5070
24593
7218
27214
26413
26361
9179
14116
22208
1867
2618
9259
10705
7730
3525
15704
6715
21592
5684
26185
30091
15184
13587
15862
3889
808
29201
26375
15585
7238
5443
10455
519
19883
25247
841
25845
21307
31030
30018
2128
3963
3862
19121
25860
4420
13129
7966
5117
4668
29139
2971
7730
13820
26237
15380
8231
1595
15654
14101
4250
13444
28213
1395
31329
10913
20747
19203
31974
3796
11382
15411
28008
29817
4675
2559
5323
20462
13697
26593
12774
19007
15649
26158
1664
1677
20023
22651
14713
29468
22177
14735
6947
22369
32293
251
392
12709
8511
27597
6833
8427
29676
11664
30123
20061
5614
31124
7025
20141
2838
6408
4711
20701
4609
21979
18474
6301
16962
7497
28530
18935
10073
30661
21936
16573
2124
3232
4851
14257
31819
22251
124
1815
18020
32410
1606
9973
19779
15375
15435
4694
10169
2008
9486
31996
9701
9402
27932
8028
31364
11371
26797
4396
9098
4261
26258
9787
5501
27648
14900
23835
13865
23475
7132
23732
31895
15504
14131
16997
5344
19858
26115
5735
25595
15139
9136
16337
24809
15805
28924
485
1667
24761
18621
6434
18612
20057
23042
2013
25047
8205
2551
249
3491
5759
17918
32256
31626
17229
14913
17480
5111
26056
31670
7471
10695
2324
8862
25208
28998
1693
30614
29255
28307
16958
18899
26936
11849
25177
5409
416
31190
28491
25523
22741
24529
13366
28379
8065
30991
6406
13366
1779
28228
307
6220
32530
7919
10863
12605
31054
9554
27857
26696
30547
14468
3190
21938
20595
2664
31829
23593
20469
6522
18302
29474
28832
25844
1528
31572
3277
7041
29982
22009
7224
21922
23602
9056
8581
21268
3578
15750
26496
18966
11611
2306
5043
32007
832
14598
583
9326
30889
31198
5191
26286
31674
19902
5953
22602
5448
19637
13726
15132
910
7455
10771
1708
16494
8016
29671
2219
18300
16586
11108
4220
730
30966
492
29783
10103
6941
25522
5822
17792
11363
13881
30396
3718
13990
10099
15529
16307
15067
22763
1770
11360
6559
13580
28412
13229
85
29428
9669
20048
11906
3990
25163
31300
19257
13647
2199
4901
4645
28960
17814
10401
1451
23280
25247
1084
7323
14840
27197
29946
6565
20485
10613
6486
284
30404
25184
11020
28226
23500
32297
32702
16987
4357
1096
13471
30742
7228
21975
29629
19803
13404
15346
18939
9253
16270
22036
28396
28744
14723
28080
31011
13731
14134
24676
25457
21463
8558
3035
4854
4938
3490
13451
25621
29359
5087
17869
20509
16740
25033
6311
22778
12939
26002
9154
26525
9523
26216
2127
6738
16727
979
24214
30832
22475
9212
18671
2268
22468
24763
14823
11881
17144
794
24713
25752
5225
6657
26095
19352
13721
1515
17929
13856
8478
3543
27698
5212
23100
20596
8834
16628
2387
27182
16817
9131
22900
238
9884
29108
8404
7179
18978
21326
27908
24501
5928
30253
16059
11548
17256
15961
2645
8185
21688
6779
18406
4466
2926
8806
30934
32054
12410
27654
19991
26785
26898
22613
32269
16364
31171
11830
11901
21416
22796
23093
3131
20080
29770
22575
18874
5777
14583
8756
23037
5545
25034
27434
22069
2347
1736
3936
5371
2405
26660
20777
8235
9030
7863
12082
14360
0
16642
3856
4018
10890
4907
8754
23274
32618
16243
14547
24502
24763
19155
5484
14834
2740
23776
7390
25888
29723
25950
16000
4991
16652
12544
12464
9149
8982
7521
6197
32070
21652
825
25734
15641
27275
3872
20730
2550
11549
31023
22893
15913
16586
22043
12253
354
31196
2587
14836
3361
9434
8534
24379
17615
6003
15142
30937
16506
23737
14200
22734
26455
11320
20535
9679
31288
9520
19201
80
13724
16104
14636
8429
1663
14384
2215
15235
17774
5968
19479
12602
640
23636
20766
18273
21832
4052
28062
26404
13465
19550
23429
21845
6070
25293
12318
8256
26856
6870
2719
7929
10910
2689
16594
26993
20386
26440
19859
7320
24521
13955
3183
1187
1701
29129
2251
32400
29093
12929
3861
1744
25842
10428
8772
30641
15784
13083
525
31661
14591
10518
4827
8438
21134
16000
32526
11406
16404
5432
20676
6322
7769
9034
8397
10405
9234
18836
26164
11596
5900
18694
19775
8626
31686
23460
8744
7281
502
29059
4235
14529
19085
7199
25973
8309
10839
30204
20393
31954
32654
28872
13501
10632
19427
23981
13904
608
10362
2189
2045
14677
21914
16359
2632
11607
21720
841
22609
29702
23560
21913
19921
9631
16676
21906
13996
5896
12171
8104
1161
29870
10169
10932
22052
9373
28246
1770
13538
11488
25246
5985
6419
20413
14680
29265
28711
23269
6714
5609
11269
6835
15274
26570
7251
17120
7632
7692
845
26376
29133
31707
17317
14077
16734
18472
32651
13502
32111
22015
6921
4088
15443
15133
10999
1823
19585
26443
3252
10419
22536
9324
24850
8499
22749
16000
982
1520
8166
27663
32644
2169
24052
26809
28138
22021
11590
7529
5410
10879
9797
9824
10759
32735
20528
22515
16709
16436
20049
30467
1233
31048
9826
2743
12079
28644
9980
17689
11385
4030
18282
10821
27275
94
18182
32408
19707
5056
18153
10822
3717
30128
19949
16095
28547
20826
2205
13069
22454
17872
10450
9547
10803
7332
1146
17101
22056
340
30316
26104
16498
9574
31233
9428
2118
19778
21636
32385
9449
4915
9999
3471
17661
6444
18645
28314
7775
3925
14116
16829
14630
17206
15466
4332
7335
15987
10761
23
9159
12055
19626
29919
13667
7118
20041
25356
18950
29429
32424
31450
7326
4848
6714
6678
28065
2713
1218
14753
9211
22888
3237
29516
22779
281
28028
3052
22746
11947
11813
8410
3207
8366
23334
19279
1750
5157
12828
32039
20600
17997
14410
17180
2098
11660
1755
23381
22459
23620
14122
19369
8575
22030
23313
32649
7567
18352
7466
21319
31419
19294
19085
14101
22
20159
14432
26843
22606
4390
31507
15223
24138
29470
5410
10917
29429
29000
21863
12495
8238
22831
21651
23486
28872
2345
14112
24948
14782
1622
9632
28685
14798
21914
10058
10761
29067
2876
15316
2678
2204
22668
1157
4528
1028
31721
22313
817
22315
5485
25497
29448
25312
2078
3956
11607
23557
31711
18995
9831
28350
20822
16202
21108
31145
143
22463
23611
29959
26811
28646
3102
13470
15084
10239
30910
15698
1095
2454
6761
5621
17027
24788
11031
13742
3898
22402
26551
20670
2115
13968
22738
25917
15281
1311
23353
9122
9088
32667
19204
13552
15442
21780
26782
12673
23128
28362
14720
22370
9166
29744
15821
13837
18956
5731
24798
26820
22787
8716
29913
1045
21351
20289
32690
20776
19838
19447
29108
14155
22640
16951
31547
2997
15386
2043
3499
11580
31825
26008
11810
26761
15081
14159
22096
24391
24665
13711
2366
7604
15819
65
703
6889
4633
31117
16875
30748
9703
2466
4184
11360
31141
28173
22964
24582
19829
30795
22215
30439
29536
21601
25071
23069
157
29795
20485
21269
23742
5420
9813
25560
10140
20062
7374
14110
13844
13540
13193
15549
30044
10570
25995
19618
25282
29754
25260
14026
21985
27881
2075
24673
9313
3617
14290
1514
3827
5239
17107
30716
31945
19444
23642
28107
24911
24415
9621
4038
23883
5187
27641
26005
26116
18515
7532
18496
834
635
855
1470
15191
3597
11165
11426
23658
534
17638
32099
12181
4367
13726
17570
9648
8392
26156
154
23279
13229
16863
25561
26687
22721
12833
14890
20650
3206
26718
6022
15714
18927
3747
12513
10407
18669
7290
24377
18727
18129
26475
17950
10297
1944
12683
21945
16282
21577
9200
3167
2798
26638
14488
13096
24651
8207
25197
14810
27346
9033
18276
5745
7863
22106
23732
19321
10057
28112
11842
3874
8391
8077
3827
18272
13238
18201
1090
11704
14625
23337
11273
8773
10527
2697
32384
21238
27288
25145
22627
1569
15053
4300
485
2427
16453
13986
5790
5155
12719
3159
17615
17027
24427
12927
1255
8417
20084
31249
15927
19030
10994
16898
19235
5469
23027
3417
3648
17003
11825
24983
10852
16091
22263
7042
9358
16780
5075
19247
12453
28497
414
19951
16750
30410
5439
710
29077
6491
25433
13098
20753
32290
9257
17430
18793
12685
18296
22674
11586
25975
2854
12068
13100
25516
24624
19260
7433
28249
24585
8378
15404
10052
16051
10326
27455
6305
6541
17727
1077
29894
14597
10822
7080
1230
12209
22534
3720
9348
1882
23252
