12425
32449
23339
6917
7695
31590
7856
16969
218
3566
14446
23088
6248
29183
17086
24448
22065
13215
6290
21610
12449
19440
9862
11520
279
11982
22658
20954
27258
3066
25510
22529
11797
5295
28027
11585
4495
1153
25352
15312
3475
22777
18644
5373
5141
2084
9019
71
28993
8450
17122
2585
30090
25513
4861
13577
30061
24151
16039
24417
3309
19285
28136
8974
29224
23347
5560
5885
29217
30642
23571
25627
10576
29279
16579
25957
20477
27585
27824
9222
11526
2604
22581
4267
20081
5621
5732
10918
11160
13138
22900
30621
894
21088
18947
8647
11402
12648
11147
24107
32391
31899
22530
9380
12967
7667
22261
2432
13664
13432
24537
15633
23919
8941
1729
7985
19783
11561
31479
2363
10578
32701
23724
17969
31312
11668
23351
2508
23069
11481
24462
25981
3048
16655
29080
22241
1401
32393
1435
13136
19769
387
28936
28862
24733
30116
31080
17864
2317
18177
19683
1012
16269
26643
23892
24298
27730
15293
4173
22932
7443
21603
19710
29866
30117
22922
5715
15356
17652
338
25963
32504
952
12151
24287
15487
22957
7337
10115
16795
24551
14376
21129
24578
6900
14016
10894
14162
29853
15636
8563
25262
15854
12505
17041
28948
3893
10366
17144
21107
16055
1895
11703
27181
27017
26927
22115
11042
8256
8551
9280
14586
26744
24290
9351
19253
13090
17791
26632
6740
23255
1278
3934
2164
15683
17086
923
26028
18244
307
30857
14930
633
12139
15291
20569
22773
25082
1404
18326
4085
15790
2694
15899
875
9732
8442
17890
20395
8472
2922
2106
22782
20549
12979
9705
12322
24916
32639
8895
1205
15376
30859
11534
14314
3762
1383
1892
24493
30358
14925
13583
10030
4106
13028
14391
22093
13712
13431
9777
10445
108
23958
32289
27339
29129
2593
10769
3596
25402
9718
30337
16355
8025
25226
28859
22609
25601
22703
1665
23254
13479
25868
17013
24184
19300
16430
26742
19873
14340
18725
19300
27076
31119
25670
151
24231
19164
21244
20450
12360
3497
29842
18299
650
23343
18667
31514
10539
3609
19775
10934
13516
29394
24316
17335
32477
4824
28675
2397
28684
31150
13395
32370
9793
10653
20788
31239
7725
19239
8544
17476
7161
20176
28475
12709
26108
23735
12311
26497
1956
27043
32604
12121
12859
6277
4882
17668
10865
2699
20340
7104
9793
9324
20020
4579
4417
6193
31370
19890
9994
15200
15935
30460
20410
5538
3909
19990
18488
30006
2618
11788
26720
17262
7618
22783
601
23168
16221
12414
23889
10744
30728
4137
4521
12132
27979
735
13452
7631
16317
13131
11202
8926
19532
20181
13572
25949
6671
10936
19955
17223
14396
13758
32084
27741
3377
19331
12753
24092
19330
28909
3668
24377
29578
1592
7364
16172
7498
14465
29223
3760
6787
14732
20878
4023
1971
19448
14987
17844
24703
31733
15354
20116
2739
10351
24526
28635
13346
18289
27876
18181
21486
30577
31000
15711
29645
16958
15644
15596
31931
1295
26741
6608
29773
13021
27139
16596
23714
16211
2780
16104
15210
25243
27888
11685
30587
23414
28683
5251
17665
5307
22305
22760
5411
31608
12021
4011
18345
1377
28788
8401
15273
11494
29620
629
30919
1490
23887
10951
16566
6806
17736
21085
4544
3173
23248
23701
2746
27081
22316
13735
7117
31664
2901
21387
26830
24002
3866
8318
23444
5844
31800
31446
21125
14795
28704
6845
10763
26825
5316
30294
21810
28976
20404
26314
2762
11858
13047
10378
22123
10391
10495
12123
21050
11626
12655
15370
21384
16119
6897
1916
2832
31337
16213
5484
8918
25229
13828
2762
29996
31345
18570
14320
4680
408
24802
15843
18698
25056
31999
2132
29646
2589
12876
28462
29847
11778
19824
10603
22937
5223
16406
3146
6962
14468
12838
32425
24417
1331
4654
24433
12979
13462
329
3654
27674
23370
4324
17424
8954
211
28956
8839
30599
6788
4101
32081
31922
24234
2013
470
14281
11673
27334
5221
16817
3435
8014
427
22354
4193
5667
11736
32565
15652
10567
5458
30909
5994
21087
31769
29011
8496
3408
19274
3138
27636
11134
31623
3105
29560
28046
14352
27479
16326
5471
19391
13186
19959
26146
3957
28479
15022
15935
23371
17164
31821
21421
10660
28685
15119
7292
18652
3267
12415
187
10493
11190
28411
32525
26097
30411
18646
7136
18397
22278
9466
26143
14125
16985
1553
7080
30490
10822
8968
5101
20571
11555
9187
27030
10021
5043
9148
12533
17168
11193
11309
2874
21691
4369
14966
20668
11817
12827
17328
31570
8190
31947
10869
15410
21018
32082
28679
898
4068
3630
8652
1067
27709
15069
16775
20463
30187
26964
18601
7936
30923
3045
2184
23964
1614
12424
527
29210
18990
15432
27807
30631
18418
286
711
13454
832
471
32625
8331
9269
13215
11590
8370
11337
6758
24710
23292
2509
6922
30966
13786
14196
20362
8478
27334
11961
6382
21531
3650
19768
23287
13547
1928
19281
25835
17326
2140
3437
15197
3317
20804
3413
6094
1283
21338
23007
26079
18369
9189
12608
8392
21216
6301
15896
13966
26848
31760
19464
23670
3439
15242
7526
19014
30471
7249
21237
31548
25027
3005
19069
32366
6231
14456
3749
18188
3117
10445
26036
20262
32488
20818
32333
14340
21258
25812
30804
1214
30323
21774
13079
23974
1930
19196
7446
12524
11646
890
1979
18389
16782
32660
10421
10188
3685
19259
24077
26813
10894
150
10759
29649
22962
24007
3743
5920
21529
26046
18993
9652
6735
646
23331
1218
8644
5981
30649
16754
30079
10037
14840
32003
30541
7998
23875
12515
16157
20472
27939
25663
15767
22620
19005
9051
28814
12761
23415
12219
22122
4832
27660
11724
814
872
25853
20836
7316
23083
30733
16398
5843
9488
1329
7407
14135
19450
17718
13101
29799
22794
23195
19705
4604
26431
32599
28462
29994
23940
18574
4263
31969
20415
14982
2802
14723
674
4537
20156
29107
27867
25413
8646
31611
26931
23174
13504
2097
7666
20172
22015
4158
30692
18991
31631
9878
32420
24215
23544
11789
30694
27406
3033
30727
25541
22891
16332
2179
3478
10780
22477
77
25460
3265
9678
8409
17740
17170
29716
6161
23086
16461
12390
21620
20196
2630
9553
15138
30638
5736
25262
14440
31153
11688
14023
29737
24787
2363
23109
5579
7422
11245
8133
1659
