0
0
7
15
19
22
23
26
27
33
38
39
39
40
43
49
51
57
61
65
65
65
68
69
69
69
70
72
75
77
80
84
85
88
94
98
98
99
103
106
109
112
112
113
124
126
126
130
133
137
141
143
145
149
154
154
157
163
172
173
174
174
180
180
181
186
195
200
202
217
231
231
232
233
235
238
238
242
249
251
253
256
257
260
272
281
282
283
284
287
288
288
289
289
291
292
293
293
294
296
304
307
313
317
317
318
319
324
327
329
337
338
340
342
346
350
350
352
353
353
354
356
357
360
366
367
375
379
379
384
385
385
390
390
392
395
396
398
398
398
404
405
406
414
416
426
427
431
432
443
446
447
452
456
458
464
466
469
470
476
485
485
488
489
491
492
498
498
500
502
505
508
509
510
519
523
525
526
530
530
531
534
535
537
537
538
541
545
547
547
548
551
552
552
553
553
556
561
562
565
567
568
574
580
583
584
589
593
596
598
604
608
618
620
621
622
627
629
630
634
635
635
640
643
656
659
663
665
677
678
690
691
695
702
703
704
707
710
722
723
727
729
730
730
741
747
750
751
752
755
759
761
761
765
769
776
779
794
802
807
808
810
811
811
812
817
819
822
822
825
829
830
832
834
841
841
841
845
855
855
860
861
870
870
882
883
885
886
892
898
906
910
913
917
920
924
934
937
938
940
941
947
947
949
950
956
957
967
972
975
977
979
982
982
997
1000
1003
1004
1005
1011
1011
1018
1019
1028
1038
1043
1043
1045
1051
1051
1051
1053
1058
1059
1063
1065
1069
1072
1075
1077
1084
1085
1087
1089
1090
1095
1096
1096
1102
1109
1114
1128
1129
1131
1133
1133
1134
1138
1140
1146
1152
1154
1157
1157
1161
1165
1170
1170
1172
1181
1187
1198
1203
1205
1208
1209
1209
1209
1218
1220
1221
1229
1230
1231
1231
1233
1235
1237
1241
1247
1248
1251
1255
1256
1260
1268
1269
1272
1279
1280
1284
1292
1292
1296
1296
1302
1305
1308
1311
1311
1312
1313
1317
1319
1320
1321
1321
1322
1325
1327
1334
1337
1340
1343
1346
1347
1349
1351
1351
1356
1359
1365
1369
1369
1385
1388
1389
1390
1393
1393
1394
1395
1402
1403
1415
1417
1418
1423
1426
1427
1435
1436
1441
1443
1445
1446
1446
1450
1451
1451
1455
1461
1464
1466
1469
1470
1470
1474
1476
1479
1480
1488
1489
1489
1490
1491
1494
1497
1499
1500
1501
1505
1507
1510
1510
1512
1513
1514
1514
1515
1520
1523
1524
1527
1528
1529
1542
1543
1545
1546
1547
1548
1550
1553
1564
1569
1570
1582
1588
1590
1594
1595
1595
1596
1596
1602
1606
1612
1613
1616
1622
1628
1632
1633
1635
1646
1650
1653
1653
1660
1663
1664
1666
1667
1669
1670
1674
1675
1675
1676
1677
1684
1692
1693
1695
1696
1701
1704
1704
1708
1708
1710
1719
1719
1720
1722
1723
1725
1727
1729
1729
1732
1736
1738
1743
1744
1750
1750
1755
1763
1766
1768
1770
1770
1775
1778
1779
1789
1796
1798
1806
1810
1811
1812
1814
1815
1818
1821
1822
1823
1839
1841
1844
1850
1850
1858
1860
1863
1863
1867
1871
1872
1872
1877
1879
1880
1882
1883
1884
1889
1890
1894
1896
1906
1908
1912
1921
1925
1926
1931
1937
1944
1944
1944
1944
1948
1953
1955
1957
1958
1963
1963
1968
1978
1985
1986
1987
1995
1995
2001
2003
2006
2007
2008
2008
2010
2013
2016
2016
2023
2024
2025
2026
2026
2034
2034
2035
2038
2038
2041
2043
2044
2044
2045
2046
2047
2048
2059
2061
2065
2065
2066
2066
2075
2078
2079
2089
2093
2096
2098
2102
2103
2115
2118
2124
2127
2128
2129
2129
2135
2136
2143
2143
2146
2146
2154
2158
2162
2166
2166
2167
2167
2169
2173
2174
2175
2178
2183
2189
2194
2199
2199
2201
2202
2204
2205
2215
2217
2219
2221
2221
2229
2238
2241
2247
2247
2251
2253
2257
2258
2259
2259
2268
2271
2271
2275
2277
2292
2296
2298
2302
2306
2308
2311
2316
2323
2324
2326
2327
2339
2345
2347
2348
2354
2363
2366
2373
2376
2380
2381
2381
2382
2385
2385
2387
2399
2400
2405
2405
2405
2409
2412
2413
2414
2416
2427
2442
2447
2451
2451
2453
2454
2454
2457
2457
2459
2464
2466
2466
2466
2468
2469
2470
2472
2473
2474
2477
2479
2483
2490
2493
2495
2501
2505
2508
2513
2526
2528
2529
2537
2537
2540
2543
2550
2550
2551
2552
2556
2558
2559
2563
2564
2566
2571
2574
2574
2576
2579
2580
2582
2587
2587
2590
2593
2597
2601
2602
2604
2604
2614
2618
2618
2619
2620
2620
2624
2629
2632
2633
2635
2640
2643
2645
2648
2659
2664
2670
2672
2675
2675
2678
2678
2684
2689
2689
2690
2697
2698
2698
2700
2706
2706
2709
2713
2719
2719
2719
2721
2723
2724
2730
2737
2740
2740
2743
2747
2748
2751
2755
2756
2757
2770
2780
2781
2784
2786
2787
2788
2788
2790
2793
2795
2797
2798
2801
2810
2811
2815
2816
2817
2824
2833
2838
2841
2841
2843
2843
2845
2848
2848
2851
2852
2854
2854
2858
2858
2858
2870
2871
2871
2876
2882
2882
2882
2883
2884
2886
2887
2888
2890
2893
2894
2896
2899
2901
2901
2905
2907
2915
2915
2915
2919
2920
2923
2925
2926
2926
2928
2928
2929
2933
2933
2936
2946
2946
2951
2959
2970
2971
2981
2986
2988
2991
2997
3001
3003
3004
3006
3007
3008
3017
3020
3022
3024
3026
3027
3035
3036
3047
3051
3052
3053
3056
3059
3068
3074
3078
3078
3085
3097
3102
3107
3119
3121
3123
3124
3131
3132
3133
3135
3137
3138
3141
3143
3156
3159
3161
3167
3171
3172
3177
3177
3179
3181
3183
3186
3188
3189
3189
3190
3191
3197
3199
3206
3207
3210
3214
3215
3216
3216
3217
3218
3218
3219
3219
3221
3221
3228
3232
3234
3237
3237
3241
3243
3251
3252
3255
3255
3257
3262
3270
3271
3272
3277
3277
3278
3279
3320
3333
3336
3336
3340
3341
3343
3345
3345
3349
3361
3362
3364
3364
3364
3365
3366
3367
3372
3377
3383
3387
3388
3403
3415
3417
3417
3417
3420
3422
3424
3435
3437
3444
3445
3447
3449
3449
3450
3459
3461
3469
3471
3480
3482
3482
3482
3486
3490
3491
3499
3505
3509
3511
3513
3524
3525
3532
3532
3533
3533
3534
3535
3539
3541
3543
3544
3544
3545
3552
3552
3553
3555
3558
3561
3563
3571
3573
3575
3578
3578
3578
3583
3584
3591
3594
3595
3597
3597
3603
3605
3605
3605
3610
3615
3615
3617
3625
3628
3629
3629
3631
3632
3637
3641
3647
3648
3649
3656
3659
3662
3665
3673
3678
3680
3681
3694
3698
3701
3701
3704
3707
3710
3712
3717
3718
3720
3726
3730
3734
3734
3736
3737
3737
3739
3746
3747
3748
3749
3759
3762
3773
3774
3775
3777
3791
3791
3796
3799
3800
3801
3804
3807
3809
3812
3814
3819
3822
3827
3827
3828
3829
3834
3839
3856
3856
3861
3862
3867
3868
3870
3871
3872
3873
3873
3874
3875
3876
3883
3884
3884
3888
3889
3898
3903
3905
3906
3925
3929
3930
3930
3934
3936
3937
3939
3955
3956
3957
3959
3963
3964
3965
3972
3974
3977
3980
3990
4006
4007
4012
4016
4018
4019
4021
4025
4026
4027
4030
4030
4032
4033
4033
4035
4037
4038
4040
4040
4044
4047
4052
4055
4057
4059
4064
4065
4066
4070
4073
4077
4080
4081
4088
4088
4089
4091
4095
4097
4098
4098
4106
4106
4111
4119
4123
4138
4142
4143
4143
4147
4148
4151
4163
4165
4166
4172
4176
4177
4179
4180
4183
4184
4184
4186
4195
4198
4199
4200
4204
4208
4220
4220
4224
4225
4230
4235
4241
4241
4250
4251
4252
4257
4258
4258
4260
4261
4261
4265
4268
4270
4270
4272
4272
4272
4281
4290
4291
4292
4292
4293
4296
4300
4300
4303
4303
4304
4305
4311
4317
4319
4321
4326
4328
4331
4332
4341
4342
4344
4351
4353
4353
4357
4361
4364
4366
4367
4367
4370
4374
4377
4382
4390
4396
4397
4400
4401
4410
4414
4420
4426
4428
4428
4435
4439
4440
4445
4451
4453
4455
4455
4458
4466
4466
4472
4474
4475
4476
4480
4483
4484
4485
4485
4485
4486
4486
4487
4494
4496
4498
4502
4511
4516
4517
4521
4522
4524
4524
4526
4526
4528
4532
4536
4546
4552
4553
4559
4560
4562
4564
4566
4572
4573
4579
4583
4590
4590
4591
4601
4603
4605
4606
4609
4615
4615
4618
4618
4622
4626
4631
4632
4633
4634
4635
4638
4641
4644
4645
4648
4649
4650
4657
4668
4671
4674
4675
4676
4682
4684
4692
4693
4694
4704
4704
4708
4709
4711
4711
4712
4712
4721
4723
4724
4726
4730
4731
4736
4736
4737
4739
4740
4743
4746
4752
4754
4759
4760
4761
4772
4773
4775
4781
4787
4788
4788
4797
4798
4801
4804
4806
4815
4817
4822
4825
4827
4830
4832
4837
4845
4848
4851
4852
4854
4855
4855
4858
4858
4859
4863
4863
4864
4867
4868
4870
4876
4890
4894
4901
4902
4903
4905
4906
4907
4907
4911
4914
4915
4926
4934
4935
4938
4938
4938
4942
4947
4950
4952
4956
4962
4962
4965
4968
4975
4980
4981
4987
4991
4991
5005
5007
5015
5017
5025
5030
5033
5038
5043
5044
5045
5046
5050
5052
5056
5056
5058
5060
5070
5071
5075
5076
5076
5081
5085
5086
5087
5088
5088
5089
5096
5097
5100
5105
5111
5113
5116
5117
5118
5118
5119
5129
5136
5148
5152
5155
5156
5157
5166
5173
5180
5184
5184
5185
5187
5187
5189
5191
5194
5195
5198
5200
5206
5207
5208
5212
5212
5217
5217
5218
5219
5224
5225
5227
5228
5231
5231
5236
5239
5244
5249
5250
5257
5259
5263
5268
5273
5274
5279
5279
5294
5302
5303
5305
5310
5310
5311
5314
5322
5323
5329
5333
5339
5344
5344
5351
5365
5371
5375
5378
5379
5380
5380
5383
5390
5392
5393
5394
5396
5397
5403
5409
5410
5410
5411
5414
5417
5420
5423
5427
5430
5432
5432
5432
5437
5439
5443
5443
5446
5447
5448
5450
5455
5455
5459
5463
5468
5469
5474
5474
5477
5477
5484
5485
5485
5492
5493
5498
5498
5500
5501
5502
5507
5510
5519
5521
5522
5523
5525
5540
5541
5545
5548
5558
5560
5563
5564
5567
5572
5574
5574
5578
5578
5580
5585
5589
5596
5597
5602
5602
5604
5609
5614
5621
5622
5628
5629
5631
5637
5638
5649
5650
5661
5664
5664
5666
5673
5679
5681
5684
5684
5709
5713
5716
5718
5721
5721
5731
5735
5735
5736
5736
5743
5745
5751
5758
5759
5762
5764
5768
5769
5777
5780
5783
5784
5785
5790
5790
5791
5792
5795
5795
5798
5803
5803
5803
5808
5811
5822
5825
5829
5839
5839
5840
5843
5847
5850
5852
5855
5866
5875
5877
5880
5880
5880
5886
5889
5891
5896
5896
5899
5900
5912
5918
5922
5926
5928
5929
5929
5932
5933
5935
5947
5948
5948
5950
5953
5958
5958
5961
5965
5966
5968
5971
5977
5978
5985
5988
5989
5992
5996
5996
6001
6003
6005
6009
6014
6019
6022
6023
6024
6027
6048
6059
6062
6067
6069
6070
6078
6081
6081
6083
6097
6098
6099
6107
6110
6111
6115
6117
6122
6130
6131
6132
6133
6136
6138
6139
6139
6153
6164
6168
6169
6175
6176
6188
6193
6193
6194
6196
6197
6202
6205
6208
6210
6219
6220
6223
6228
6229
6229
6234
6236
6237
6242
6245
6245
6246
6249
6262
6264
6271
6287
6287
6294
6297
6299
6301
6301
6305
6310
6311
6311
6313
6322
6323
6328
6329
6330
6331
6338
6339
6342
6348
6349
6350
6358
6359
6369
6372
6378
6391
6393
6395
6396
6396
6403
6404
6406
6406
6407
6408
6408
6415
6415
6418
6419
6422
6425
6429
6433
6434
6438
6442
6444
6448
6449
6449
6457
6458
6466
6466
6466
6467
6469
6477
6480
6486
6491
6496
6498
6501
6506
6506
6508
6509
6522
6526
6534
6535
6536
6536
6541
6545
6546
6557
6559
6562
6562
6565
6572
6578
6581
6592
6601
6603
6620
6626
6642
6644
6645
6646
6652
6655
6657
6662
6669
6670
6672
6673
6678
6689
6691
6691
6697
6698
6707
6707
6708
6708
6714
6714
6715
6723
6735
6738
6743
6747
6756
6757
6761
6764
6769
6769
6774
6775
6779
6783
6785
6788
6789
6789
6790
6792
6795
6797
6811
6816
6818
6819
6822
6827
6833
6833
6833
6835
6843
6844
6845
6849
6851
6861
6870
6871
6889
6890
6892
6894
6896
6899
6902
6912
6921
6931
6940
6941
6943
6944
6947
6947
6948
6961
6966
6969
6976
6983
6984
6984
6984
6988
6993
6995
7003
7004
7005
7006
7007
7007
7018
7019
7020
7020
7022
7023
7023
7024
7025
7030
7032
7034
7036
7037
7038
7041
7042
7043
7047
7049
7055
7062
7062
7064
7070
7070
7073
7074
7080
7080
7084
7094
7095
7096
7099
7100
7101
7105
7108
7118
7121
7121
7122
7122
7123
7124
7132
7138
7139
7141
7144
7144
7147
7150
7155
7156
7157
7160
7162
7169
7173
7177
7178
7179
7179
7181
7185
7186
7190
7192
7192
7197
7199
7200
7200
7203
7205
7209
7215
7218
7219
7220
7220
7221
7224
7225
7228
7228
7228
7229
7230
7230
7233
7237
7238
7248
7251
7256
7256
7258
7264
7265
7269
7281
7290
7295
7297
7299
7300
7304
7307
7308
7309
7310
7313
7313
7319
7319
7320
7323
7324
7324
7324
7326
7327
7332
7332
7335
7339
7340
7342
7347
7355
7363
7366
7367
7370
7374
7378
7380
7381
7388
7388
7390
7394
7394
7405
7408
7413
7414
7415
7416
7416
7418
7420
7421
7422
7433
7434
7438
7440
7444
7445
7454
7454
7455
7458
7462
7466
7471
7471
7473
7477
7477
7480
7491
7493
7494
7497
7500
7501
7507
7508
7508
7509
7510
7511
7511
7512
7514
7521
7523
7524
7528
7529
7532
7533
7533
7535
7535
7536
7536
7537
7539
7542
7546
7552
7553
7556
7559
7560
7561
7562
7565
7567
7572
7574
7582
7587
7587
7589
7591
7592
7594
7596
7603
7603
7604
7607
7610
7611
7612
7615
7617
7621
7622
7623
7624
7627
7630
7631
7632
7633
7638
7644
7645
7648
7648
7653
7654
7660
7662
7664
7666
7675
7680
7685
7685
7687
7689
7692
7693
7705
7710
7717
7718
7718
7722
7724
7725
7730
7730
7734
7735
7746
7753
7761
7763
7769
7770
7775
7778
7780
7782
7783
7783
7786
7789
7795
7801
7809
7810
7813
7817
7818
7819
7825
7830
7837
7843
7846
7852
7853
7857
7863
7863
7867
7867
7871
7880
7883
7884
7887
7895
7897
7897
7900
7905
7906
7909
7918
7919
7927
7929
7941
7941
7944
7949
7955
7958
7958
7966
7967
7970
7974
7974
7978
7979
7991
7992
7998
8000
8006
8006
8011
8016
8028
8032
8035
8040
8042
8052
8052
8055
8063
8065
8074
8076
8077
8077
8088
8095
8098
8101
8104
8104
8108
8108
8109
8112
8113
8121
8123
8128
8128
8135
8137
8144
8151
8154
8156
8157
8158
8161
8162
8166
8173
8174
8174
8175
8175
8181
8185
8191
8197
8198
8205
8206
8207
8211
8224
8226
8227
8231
8234
8235
8235
8237
8238
8241
8246
8249
8250
8251
8251
8252
8254
8256
8269
8269
8275
8283
8284
8284
8299
8301
8303
8303
8308
8309
8312
8322
8325
8335
8349
8357
8357
8360
8362
8365
8365
8366
8366
8368
8371
8376
8378
8382
8386
8386
8387
8388
8391
8391
8392
8395
8395
8396
8397
8398
8399
8402
8404
8404
8405
8408
8409
8410
8416
8417
8418
8419
8421
8427
8427
8429
8429
8431
8434
8435
8438
8446
8447
8449
8460
8466
8469
8478
8478
8482
8484
8486
8490
8493
8497
8499
8504
8506
8509
8511
8511
8514
8522
8527
8532
8534
8536
8540
8553
8553
8554
8555
8556
8558
8573
8573
8575
8581
8581
8593
8599
8602
8623
8623
8625
8626
8628
8628
8631
8636
8641
8644
8644
8644
8644
8645
8647
8649
8651
8653
8654
8654
8655
8673
8678
8681
8698
8699
8700
8708
8716
8717
8722
8726
8729
8739
8742
8744
8744
8754
8754
8756
8758
8758
8758
8762
8763
8764
8764
8772
8773
8780
8782
8784
8785
8785
8791
8793
8799
8799
8804
8805
8806
8808
8812
8820
8828
8834
8844
8848
8849
8852
8856
8860
8861
8862
8869
8871
8873
8873
8875
8876
8878
8892
8895
8902
8906
8910
8910
8915
8917
8918
8919
8923
8929
8931
8944
8946
8947
8952
8954
8961
8962
8972
8973
8975
8976
8982
8982
8984
8988
8989
8989
8989
8996
8996
8999
8999
8999
9001
9012
9013
9014
9018
9026
9026
9030
9033
9034
9035
9042
9043
9045
9052
9056
9059
9060
9062
9068
9075
9077
9078
9079
9082
9088
9089
9090
9096
9098
9110
9120
9122
9124
9129
9131
9132
9136
9136
9144
9145
9149
9154
9156
9158
9159
9165
9165
9166
9166
9173
9174
9176
9179
9183
9184
9185
9188
9190
9195
9196
9199
9200
9200
9201
9203
9211
9212
9215
9219
9222
9223
9226
9232
9234
9238
9238
9241
9242
9242
9245
9246
9248
9249
9251
9253
9257
9257
9257
9258
9259
9263
9289
9290
9290
9291
9304
9313
9314
9316
9323
9324
9326
9327
9329
9333
9339
9341
9347
9348
9352
9353
9354
9358
9360
9369
9372
9373
9378
9378
9382
9386
9391
9391
9393
9393
9402
9408
9410
9411
9419
9419
9425
9428
9428
9429
9431
9432
9433
9434
9434
9436
9439
9440
9449
9458
9458
9461
9465
9471
9478
9482
9482
9482
9486
9491
9495
9500
9502
9503
9508
9515
9519
9520
9521
9523
9547
9550
9554
9560
9561
9562
9568
9570
9572
9574
9578
9580
9582
9583
9597
9601
9603
9603
9607
9607
9609
9610
9621
9624
9625
9626
9631
9632
9636
9636
9637
9638
9641
9647
9648
9650
9653
9654
9658
9659
9662
9665
9666
9666
9669
9669
9672
9676
9679
9680
9682
9684
9689
9691
9692
9696
9697
9699
9701
9702
9703
9710
9712
9715
9726
9726
9731
9732
9739
9739
9743
9744
9745
9749
9755
9759
9761
9769
9777
9782
9783
9787
9790
9797
9798
9799
9800
9800
9809
9813
9815
9820
9820
9824
9824
9826
9831
9832
9833
9834
9834
9837
9840
9840
9841
9844
9846
9849
9851
9853
9859
9872
9872
9881
9884
9887
9887
9887
9896
9898
9904
9915
9915
9921
9925
9940
9941
9941
9943
9944
9950
9952
9953
9955
9964
9970
9972
9973
9975
9980
9985
9985
9993
9994
9996
9999
10005
10006
10021
10026
10028
10028
10030
10032
10033
10035
10038
10039
10040
10043
10043
10049
10052
10052
10055
10057
10058
10073
10088
10099
10100
10102
10103
10106
10111
10113
10127
10127
10128
10140
10141
10143
10153
10153
10155
10160
10163
10163
10163
10166
10167
10169
10169
10177
10182
10183
10186
10197
10197
10198
10198
10199
10199
10202
10205
10209
10214
10215
10221
10221
10222
10223
10223
10224
10228
10235
10239
10243
10250
10251
10252
10253
10256
10260
10267
10270
10271
10271
10271
10278
10278
10281
10282
10282
10282
10284
10286
10292
10293
10297
10301
10310
10311
10326
10335
10336
10337
10349
10357
10362
10367
10369
10370
10370
10373
10380
10389
10392
10395
10397
10401
10401
10405
10406
10407
10419
10425
10428
10429
10436
10437
10438
10445
10447
10450
10452
10455
10458
10460
10463
10464
10465
10467
10469
10471
10472
10477
10489
10492
10507
10507
10508
10510
10518
10526
10526
10527
10528
10541
10543
10544
10549
10553
10554
10554
10555
10556
10560
10569
10570
10574
10579
10586
10589
10589
10592
10593
10596
10596
10601
10604
10606
10607
10607
10608
10608
10613
10616
10619
10622
10626
10632
10650
10653
10662
10663
10669
10669
10671
10686
10690
10692
10693
10694
10695
10705
10712
10717
10718
10720
10722
10730
10736
10737
10739
10740
10742
10744
10746
10754
10759
10759
10761
10761
10762
10765
10767
10771
10775
10778
10803
10803
10805
10806
10806
10809
10815
10821
10822
10822
10825
10826
10827
10827
10829
10829
10836
10836
10838
10839
10839
10840
10846
10852
10854
10863
10865
10866
10867
10873
10879
10881
10886
10890
10894
10900
10902
10904
10908
10908
10910
10913
10917
10917
10919
10921
10921
10922
10928
10932
10933
10935
10935
10937
10939
10942
10944
10946
10956
10958
10964
10972
10989
10994
10997
10999
11010
11017
11018
11019
11019
11020
11023
11025
11026
11027
11031
11031
11038
11040
11045
11045
11047
11053
11055
11056
11063
11066
11072
11075
11076
11077
11081
11090
11091
11094
11097
11101
11102
11108
11110
11111
11111
11117
11118
11120
11124
11132
11135
11138
11139
11140
11141
11145
11148
11151
11153
11165
11166
11169
11170
11172
11174
11179
11183
11183
11193
11193
11194
11195
11203
11209
11222
11225
11226
11230
11243
11252
11255
11259
11260
11260
11263
11269
11273
11278
11285
11285
11286
11289
11293
11294
11294
11296
11297
11304
11309
11314
11314
11320
11324
11324
11328
11341
11353
11357
11360
11360
11363
11366
11371
11373
11379
11382
11385
11391
11391
11396
11399
11406
11408
11411
11416
11420
11426
11428
11434
11436
11437
11446
11455
11461
11471
11473
11473
11479
11483
11486
11487
11488
11493
11493
11509
11512
11513
11514
11521
11522
11526
11533
11534
11534
11534
11538
11544
11547
11548
11549
11550
11550
11552
11556
11558
11563
11571
11572
11580
11586
11590
11590
11596
11596
11596
11607
11607
11609
11611
11614
11631
11631
11632
11636
11642
11651
11654
11655
11660
11662
11664
11664
11665
11669
11674
11683
11687
11688
11689
11693
11693
11697
11698
11704
11704
11713
11715
11719
11722
11722
11726
11732
11748
11749
11750
11760
11763
11763
11765
11765
11773
11774
11775
11775
11776
11784
11789
11793
11796
11806
11808
11808
11810
11813
11815
11816
11818
11822
11825
11826
11827
11830
11836
11838
11839
11842
11843
11849
11855
11857
11859
11863
11881
11885
11887
11888
11890
11892
11894
11894
11901
11906
11908
11915
11921
11921
11921
11924
11925
11931
11933
11934
11935
11940
11943
11943
11947
11948
11954
11966
11969
11971
11971
11977
11977
11978
11980
11983
11985
11989
11990
11993
11996
12001
12004
12010
12012
12013
12016
12027
12035
12037
12045
12045
12047
12048
12053
12053
12055
12060
12060
12061
12061
12061
12067
12068
12068
12069
12073
12077
12077
12078
12079
12081
12082
12087
12090
12092
12095
12101
12104
12104
12105
12108
12108
12112
12117
12117
12119
12124
12129
12133
12144
12146
12156
12163
12166
12171
12172
12181
12181
12183
12187
12195
12195
12196
12197
12201
12206
12208
12209
12210
12211
12218
12222
12225
12236
12241
12241
12244
12245
12249
12252
12253
12260
12260
12264
12264
12265
12268
12271
12280
12284
12284
12286
12288
12289
12291
12293
12297
12301
12306
12313
12318
12319
12324
12328
12328
12331
12331
12331
12332
12333
12335
12340
12343
12347
12350
12355
12364
12365
12368
12369
12375
12376
12381
12389
12389
12391
12391
12393
12393
12396
12398
12400
12403
12404
12405
12407
12410
12412
12420
12421
12423
12428
12433
12437
12438
12442
12443
12444
12449
12450
12453
12454
12454
12454
12456
12464
12465
12468
12469
12469
12470
12476
12480
12481
12481
12482
12484
12495
12500
12501
12502
12513
12518
12519
12519
12525
12530
12544
12548
12552
12553
12555
12579
12580
12580
12583
12585
12596
12602
12605
12607
12611
12614
12615
12622
12630
12634
12636
12639
12641
12655
12655
12661
12667
12668
12673
12675
12683
12685
12685
12689
12691
12697
12697
12702
12706
12707
12709
12709
12719
12725
12726
12729
12730
12736
12738
12739
12744
12744
12750
12750
12751
12752
12755
12755
12756
12758
12763
12764
12767
12768
12774
12775
12780
12780
12782
12783
12785
12785
12793
12793
12798
12801
12803
12806
12807
12808
12808
12808
12810
12818
12818
12818
12818
12828
12828
12833
12833
12834
12837
12840
12845
12846
12849
12851
12857
12858
12862
12864
12874
12891
12893
12894
12897
12900
12908
12910
12913
12915
12916
12917
12918
12921
12923
12927
12929
12933
12935
12939
12940
12941
12948
12949
12950
12952
12954
12956
12956
12963
12963
12966
12970
12978
12982
12983
12987
12992
12999
12999
13004
13014
13022
13025
13026
13032
13034
13038
13039
13041
13049
13051
13060
13062
13067
13069
13070
13071
13072
13083
13086
13087
13087
13087
13087
13088
13088
13090
13096
13097
13098
13098
13099
13100
13101
13103
13106
13109
13112
13125
13129
13141
13145
13145
13151
13155
13155
13156
13161
13164
13168
13175
13177
13184
13190
13191
13193
13196
13199
13203
13205
13206
13210
13213
13214
13219
13222
13226
13229
13229
13229
13237
13238
13240
13249
13250
13258
13261
13271
13274
13278
13279
13280
13280
13280
13287
13288
13289
13291
13292
13296
13302
13303
13315
13321
13323
13324
13329
13336
13336
13337
13339
13340
13342
13342
13349
13354
13355
13355
13360
13360
13364
13366
13366
13372
13373
13375
13383
13385
13385
13386
13391
13396
13398
13404
13413
13414
13417
13421
13421
13425
13435
13444
13444
13445
13450
13450
13451
13451
13452
13452
13453
13454
13458
13464
13465
13466
13470
13470
13470
13471
13473
13473
13475
13479
13480
13482
13483
13484
13484
13485
13485
13492
13493
13495
13501
13501
13502
13508
13515
13517
13524
13526
13538
13540
13541
13546
13552
13553
13556
13560
13564
13574
13580
13587
13591
13594
13594
13595
13597
13602
13607
13613
13618
13619
13620
13623
13624
13629
13634
13639
13642
13646
13647
13655
13660
13666
13667
13667
13668
13668
13669
13674
13679
13691
13697
13701
13703
13708
13711
13711
13721
13724
13726
13726
13730
13731
13733
13734
13742
13757
13760
13761
13767
13773
13782
13784
13784
13787
13791
13793
13806
13808
13810
13812
13818
13820
13822
13823
13824
13834
13835
13837
13839
13844
13845
13846
13847
13848
13850
13854
13855
13856
13860
13865
13872
13875
13875
13878
13881
13881
13886
13888
13891
13895
13904
13904
13906
13908
13908
13912
13913
13917
13921
13921
13926
13927
13931
13932
13932
13934
13935
13938
13940
13942
13951
13955
13959
13964
13966
13968
13969
13969
13972
13975
13986
13986
13988
13988
13989
13990
13990
13996
13997
14001
14003
14012
14013
14015
14024
14026
14030
14030
14031
14035
14038
14043
14046
14050
14052
14053
14058
14058
14060
14061
14063
14064
14068
14077
14084
14085
14085
14089
14092
14095
14101
14101
14109
14110
14112
14112
14116
14116
14118
14122
14126
14131
14134
14136
14137
14142
14143
14143
14147
14154
14155
14156
14159
14160
14161
14162
14163
14165
14168
14173
14174
14183
14184
14191
14197
14200
14209
14209
14210
14212
14214
14218
14219
14220
14223
14229
14230
14230
14231
14231
14232
14238
14252
14257
14260
14265
14266
14267
14269
14269
14274
14278
14284
14290
14290
14291
14312
14313
14314
14316
14317
14321
14321
14325
14331
14331
14332
14335
14335
14345
14348
14355
14360
14361
14361
14370
14370
14379
14380
14382
14384
14387
14390
14391
14392
14404
14406
14409
14410
14413
14414
14414
14415
14423
14424
14432
14436
14437
14446
14456
14459
14463
14464
14468
14470
14474
14476
14477
14481
14485
14488
14491
14493
14494
14495
14505
14506
14509
14515
14521
14526
14529
14529
14531
14531
14532
14534
14539
14546
14547
14553
14553
14563
14564
14566
14567
14569
14571
14571
14578
14583
14590
14591
14592
14597
14597
14598
14605
14614
14616
14618
14619
14622
14625
14629
14630
14633
14635
14636
14636
14637
14640
14644
14650
14656
14656
14659
14661
14666
14672
14673
14677
14680
14681
14681
14681
14685
14686
14692
14696
14698
14702
14705
14706
14706
14708
14713
14720
14720
14720
14722
14723
14723
14724
14726
14732
14733
14733
14734
14735
14737
14743
14748
14749
14750
14753
14760
14763
14770
14771
14777
14779
14782
14782
14782
14786
14789
14792
14795
14795
14796
14797
14798
14801
14803
14806
14806
14807
14809
14810
14813
14815
14819
14821
14821
14823
14823
14834
14834
14836
14836
14840
14843
14844
14847
14847
14856
14868
14875
14876
14880
14881
14882
14885
14888
14888
14889
14890
14896
14897
14899
14900
14901
14902
14911
14913
14913
14918
14920
14921
14923
14931
14935
14941
14941
14941
14950
14950
14951
14952
14957
14962
14966
14969
14970
14970
14974
14979
14980
14984
14987
14988
14991
14993
14997
14998
15003
15004
15008
15008
15010
15011
15013
15014
15019
15022
15047
15047
15047
15048
15053
15054
15064
15064
15066
15067
15072
15073
15081
15084
15085
15088
15088
15094
15102
15107
15113
15117
15130
15130
15132
15133
15135
15138
15139
15142
15144
15145
15147
15151
15152
15153
15155
15160
15161
15166
15167
15179
15181
15181
15184
15187
15191
15194
15204
15205
15212
15213
15223
15226
15226
15227
15235
15239
15246
15247
15248
15253
15256
15257
15259
15264
15265
15267
15270
15274
15274
15277
15278
15279
15281
15284
15289
15290
15298
15305
15306
15306
15308
15308
15310
15311
15316
15320
15325
15329
15331
15336
15336
15340
15346
15349
15351
15357
15363
15366
15367
15369
15374
15375
15377
15380
15381
15383
15386
15389
15395
15396
15398
15398
15400
15400
15401
15404
15407
15411
15421
15427
15435
15436
15441
15442
15443
15447
15449
15451
15458
15461
15462
15463
15465
15465
15466
15472
15478
15480
15486
15486
15491
15499
15504
15506
15509
15514
15514
15529
15532
15534
15534
15535
15537
15539
15540
15544
15549
15559
15562
15564
15565
15570
15570
15583
15585
15591
15592
15593
15597
15599
15603
15624
15628
15628
15629
15636
15641
15649
15649
15649
15650
15654
15660
15672
15672
15675
15676
15682
15682
15685
15687
15694
15695
15696
15697
15698
15703
15704
15706
15709
15714
15721
15727
15728
15732
15737
15737
15745
15748
15750
15751
15754
15754
15759
15760
15765
15771
15772
15776
15778
15782
15783
15784
15785
15786
15788
15795
15797
15798
15799
15802
15803
15805
15812
15817
15819
15820
15821
15821
15824
15830
15830
15836
15840
15840
15842
15843
15844
15845
15852
15856
15862
15866
15869
15869
15870
15871
15879
15883
15883
15895
15896
15897
15900
15908
15911
15913
15919
15919
15926
15927
15934
15945
15949
15953
15959
15961
15961
15962
15968
15969
15970
15975
15978
15982
15987
15993
15996
15999
16000
16000
16000
16000
16001
16002
16008
16008
16011
16017
16017
16017
16018
16022
16023
16032
16032
16034
16037
16043
16044
16045
16046
16051
16052
16056
16059
16063
16063
16064
16066
16070
16073
16077
16078
16079
16088
16090
16091
16093
16094
16095
16096
16096
16097
16101
16104
16107
16110
16112
16122
16125
16126
16128
16132
16135
16137
16137
16137
16142
16144
16146
16153
16163
16164
16164
16168
16169
16169
16170
16173
16180
16182
16185
16185
16187
16190
16194
16201
16202
16202
16207
16208
16224
16226
16230
16230
16237
16238
16240
16240
16243
16257
16259
16267
16268
16270
16273
16276
16276
16282
16283
16283
16283
16284
16288
16291
16292
16296
16305
16307
16310
16313
16314
16316
16317
16318
16319
16328
16330
16337
16340
16344
16349
16357
16357
16359
16364
16364
16377
16379
16382
16390
16400
16403
16404
16406
16409
16409
16414
16416
16423
16427
16430
16433
16436
16440
16450
16450
16453
16454
16461
16462
16465
16466
16469
16472
16477
16481
16483
16486
16489
16490
16490
16494
16497
16497
16497
16498
16502
16506
16510
16516
16517
16519
16522
16527
16539
16544
16549
16557
16559
16568
16573
16573
16575
16576
16582
16586
16586
16594
16605
16606
16609
16615
16616
16625
16626
16628
16633
16634
16639
16639
16641
16642
16643
16652
16653
16653
16668
16668
16669
16673
16676
16687
16694
16701
16709
16709
16711
16711
16718
16720
16726
16727
16729
16729
16734
16740
16741
16741
16744
16750
16754
16757
16763
16776
16780
16784
16798
16805
16806
16814
16816
16817
16820
16821
16825
16825
16829
16829
16830
16834
16843
16846
16850
16850
16855
16857
16858
16861
16863
16866
16866
16866
16870
16871
16875
16877
16879
16882
16894
16898
16902
16911
16915
16916
16918
16919
16931
16935
16937
16938
16939
16944
16945
16946
16951
16951
16952
16957
16958
16960
16962
16969
16981
16982
16984
16985
16987
16990
16992
16992
16996
16997
16998
17001
17003
17007
17011
17016
17018
17020
17027
17027
17031
17034
17039
17053
17057
17058
17058
17062
17067
17072
17074
17079
17091
17093
17100
17101
17104
17107
17114
17115
17116
17118
17119
17120
17122
17124
17144
17146
17148
17154
17157
17162
17163
17164
17170
17177
17180
17190
17194
17197
17201
17203
17206
17216
17219
17224
17229
17230
17238
17243
17247
17249
17250
17256
17259
17260
17262
17263
17271
17279
17284
17284
17285
17285
17295
17295
17311
17312
17316
17317
17317
17319
17324
17327
17327
17335
17358
17362
17365
17370
17381
17384
17389
17390
17392
17394
17396
17397
17399
17407
17417
17422
17422
17424
17430
17432
17434
17437
17438
17439
17439
17439
17443
17447
17448
17448
17448
17453
17453
17457
17457
17459
17460
17463
17470
17474
17480
17491
17495
17498
17503
17503
17507
17511
17520
17522
17523
17524
17524
17529
17530
17537
17539
17543
17549
17550
17552
17556
17559
17561
17564
17568
17570
17573
17576
17580
17587
17591
17596
17597
17603
17606
17612
17612
17615
17615
17617
17618
17625
17626
17638
17638
17641
17649
17658
17661
17661
17669
17669
17679
17685
17687
17688
17689
17700
17707
17717
17721
17722
17725
17727
17731
17732
17740
17743
17752
17755
17756
17757
17758
17760
17765
17765
17769
17771
17774
17776
17778
17781
17782
17784
17789
17792
17794
17806
17814
17814
17821
17822
17824
17832
17836
17848
17855
17862
17867
17869
17872
17874
17874
17879
17883
17887
17892
17893
17896
17897
17897
17902
17904
17918
17920
17921
17922
17923
17929
17931
17944
17950
17960
17960
17960
17961
17973
17975
17981
17984
17984
17990
17992
17997
17999
18000
18001
18004
18006
18015
18015
18019
18020
18020
18025
18028
18028
18034
18055
18057
18060
18060
18067
18069
18070
18079
18083
18083
18084
18090
18095
18099
18107
18108
18109
18117
18122
18123
18127
18127
18129
18129
18129
18138
18148
18153
18153
18155
18157
18160
18164
18173
18176
18180
18182
18182
18185
18189
18190
18197
18199
18199
18201
18201
18204
18211
18216
18217
18223
18225
18226
18232
18235
18239
18239
18242
18242
18245
18245
18250
18254
18256
18257
18257
18258
18272
18273
18275
18276
18282
18282
18282
18284
18288
18288
18296
18297
18300
18300
18302
18313
18324
18325
18326
18333
18333
18334
18335
18336
18338
18346
18349
18352
18353
18355
18362
18364
18370
18376
18378
18388
18390
18391
18397
18403
18406
18407
18408
18409
18413
18415
18418
18422
18424
18430
18436
18436
18439
18446
18447
18447
18449
18452
18459
18461
18463
18464
18464
18464
18467
18472
18474
18474
18475
18479
18480
18486
18487
18496
18502
18504
18508
18510
18511
18511
18513
18515
18517
18519
18520
18522
18525
18528
18542
18544
18546
18551
18551
18554
18563
18567
18574
18575
18575
18575
18585
18585
18585
18586
18589
18591
18594
18595
18595
18599
18605
18607
18612
18612
18621
18623
18624
18631
18631
18632
18640
18645
18648
18653
18667
18669
18671
18683
18691
18693
18694
18717
18727
18732
18737
18741
18748
18752
18753
18757
18760
18762
18770
18771
18772
18772
18776
18777
18779
18780
18781
18782
18783
18784
18793
18807
18807
18812
18813
18814
18817
18822
18822
18827
18830
18831
18834
18834
18836
18840
18845
18849
18849
18850
18853
18862
18869
18871
18871
18874
18877
18880
18892
18893
18895
18895
18899
18905
18913
18916
18917
18920
18927
18928
18931
18935
18936
18938
18939
18942
18945
18950
18950
18956
18961
18963
18966
18971
18973
18974
18978
18980
18985
18995
18996
18996
18999
19004
19007
19007
19012
19017
19030
19038
19039
19039
19043
19044
19046
19057
19062
19064
19065
19067
19069
19074
19077
19078
19078
19080
19083
19084
19085
19085
19089
19090
19090
19091
19092
19092
19094
19094
19108
19111
19111
19114
19121
19124
19130
19137
19145
19148
19149
19154
19155
19156
19158
19160
19165
19166
19169
19172
19179
19179
19180
19185
19193
19201
19203
19204
19206
19216
19217
19220
19221
19224
19228
19228
19230
19231
19232
19235
19236
19238
19242
19242
19247
19250
19254
19257
19260
19260
19275
19276
19279
19289
19294
19295
19296
19297
19302
19303
19305
19308
19310
19313
19315
19321
19321
19326
19329
19329
19331
19343
19348
19350
19352
19359
19361
19361
19363
19367
19369
19370
19371
19371
19374
19377
19382
19389
19393
19397
19398
19405
19405
19415
19421
19427
19432
19435
19439
19441
19444
19447
19454
19464
19469
19470
19473
19479
19480
19491
19496
19496
19505
19506
19506
19508
19509
19509
19509
19514
19519
19520
19521
19522
19525
19527
19530
19531
19533
19540
19547
19549
19550
19550
19551
19552
19555
19555
19561
19566
19572
19573
19574
19579
19583
19585
19585
19587
19589
19591
19592
19601
19601
19608
19609
19609
19610
19616
19617
19618
19620
19625
19626
19628
19633
19636
19636
19637
19638
19640
19646
19654
19657
19658
19658
19660
19663
19669
19669
19672
19681
19683
19692
19692
19697
19704
19707
19707
19707
19714
19727
19735
19736
19741
19744
19749
19753
19758
19759
19760
19771
19771
19775
19775
19778
19779
19785
19787
19788
19788
19791
19792
19797
19803
19803
19804
19806
19806
19810
19811
19811
19816
19818
19819
19828
19829
19834
19837
19838
19840
19857
19858
19859
19870
19872
19876
19881
19883
19884
19886
19891
19892
19893
19894
19901
19902
19903
19909
19911
19913
19914
19918
19918
19919
19920
19920
19921
19921
19921
19926
19927
19928
19930
19937
19938
19940
19947
19949
19949
19951
19951
19951
19962
19968
19969
19973
19976
19977
19979
19988
19991
19992
19993
19994
19996
20002
20002
20006
20009
20010
20023
20026
20032
20033
20037
20038
20041
20041
20048
20049
20051
20053
20054
20056
20057
20058
20061
20061
20062
20071
20078
20080
20081
20084
20098
20105
20108
20111
20113
20114
20114
20116
20118
20121
20124
20126
20129
20137
20141
20146
20153
20157
20159
20168
20171
20175
20178
20183
20190
20195
20195
20197
20205
20205
20210
20211
20212
20214
20215
20217
20223
20226
20227
20227
20237
20238
20243
20248
20248
20250
20250
20250
20250
20253
20270
20270
20273
20279
20281
20281
20284
20287
20289
20290
20292
20296
20307
20307
20308
20308
20311
20312
20315
20317
20325
20327
20328
20328
20341
20346
20347
20359
20359
20362
20373
20386
20389
20392
20393
20394
20395
20400
20413
20416
20417
20417
20419
20428
20437
20437
20446
20449
20456
20457
20459
20462
20464
20467
20469
20469
20474
20480
20485
20485
20489
20490
20497
20500
20503
20505
20509
20510
20513
20516
20517
20523
20527
20528
20530
20533
20535
20537
20539
20542
20544
20544
20545
20547
20549
20550
20553
20553
20554
20555
20559
20559
20561
20564
20572
20576
20578
20587
20592
20595
20596
20599
20600
20603
20610
20612
20615
20616
20617
20619
20628
20632
20636
20638
20639
20643
20649
20650
20654
20657
20666
20669
20670
20671
20673
20676
20677
20677
20677
20682
20698
20701
20710
20721
20722
20722
20730
20731
20733
20734
20747
20749
20751
20753
20753
20755
20756
20762
20762
20764
20766
20769
20776
20777
20782
20782
20787
20792
20792
20797
20802
20803
20803
20807
20809
20813
20816
20817
20818
20818
20822
20826
20829
20836
20837
20838
20840
20842
20844
20846
20849
20850
20850
20858
20859
20862
20863
20869
20872
20873
20877
20885
20888
20906
20908
20910
20912
20915
20919
20920
20921
20922
20927
20936
20946
20947
20948
20956
20960
20965
20966
20968
20970
20970
20973
20982
20988
20993
20994
20995
20997
20998
21004
21006
21006
21007
21015
21020
21023
21026
21031
21031
21036
21040
21041
21053
21060
21062
21063
21076
21081
21087
21088
21090
21090
21093
21094
21108
21110
21119
21120
21123
21127
21128
21129
21130
21132
21133
21134
21134
21143
21143
21145
21150
21160
21164
21165
21168
21178
21182
21190
21191
21193
21198
21201
21208
21213
21225
21226
21227
21227
21237
21238
21239
21241
21242
21251
21255
21258
21265
21268
21269
21273
21281
21288
21297
21302
21307
21307
21310
21311
21318
21319
21326
21329
21333
21334
21335
21339
21349
21351
21351
21354
21359
21363
21366
21367
21373
21378
21380
21384
21387
21387
21392
21393
21393
21396
21400
21410
21413
21414
21416
21416
21425
21426
21428
21433
21439
21453
21455
21458
21460
21462
21462
21463
21463
21464
21464
21469
21469
21472
21475
21477
21479
21482
21483
21488
21493
21496
21498
21499
21502
21503
21503
21505
21507
21510
21512
21514
21521
21550
21552
21553
21553
21556
21567
21568
21573
21574
21574
21577
21580
21582
21582
21583
21588
21590
21590
21592
21592
21595
21598
21601
21607
21616
21616
21618
21619
21620
21622
21625
21626
21630
21634
21636
21641
21642
21644
21648
21650
21651
21651
21651
21652
21655
21655
21662
21675
21676
21685
21688
21691
21691
21696
21697
21698
21712
21713
21715
21718
21720
21720
21721
21725
21728
21732
21733
21733
21740
21747
21756
21757
21762
21767
21772
21780
21794
21794
21811
21811
21815
21816
21820
21829
21832
21841
21844
21845
21846
21850
21857
21859
21859
21861
21862
21863
21864
21864
21869
21878
21880
21890
21903
21906
21913
21914
21914
21916
21918
21922
21925
21927
21931
21933
21936
21938
21939
21945
21947
21947
21953
21956
21958
21959
21959
21963
21975
21977
21979
21980
21985
21987
21987
21987
21993
21994
21995
21996
22003
22005
22008
22009
22009
22009
22015
22020
22021
22021
22025
22030
22036
22037
22038
22041
22043
22046
22048
22051
22052
22053
22054
22056
22060
22060
22061
22064
22066
22069
22076
22077
22078
22083
22083
22086
22093
22095
22096
22100
22100
22105
22106
22111
22114
22114
22117
22118
22121
22121
22133
22139
22142
22143
22143
22148
22151
22158
22166
22177
22178
22181
22185
22206
22208
22211
22212
22213
22215
22217
22221
22222
22222
22231
22234
22240
22243
22248
22248
22249
22251
22255
22257
22260
22261
22263
22263
22265
22266
22273
22288
22293
22293
22296
22296
22301
22304
22305
22306
22307
22308
22313
22315
22324
22326
22327
22327
22330
22331
22335
22337
22343
22347
22350
22350
22350
22360
22361
22366
22369
22370
22371
22376
22377
22384
22385
22389
22394
22398
22402
22404
22405
22408
22408
22414
22415
22417
22421
22425
22435
22441
22441
22441
22442
22449
22453
22454
22456
22459
22463
22463
22463
22466
22468
22472
22475
22479
22488
22491
22493
22495
22499
22505
22505
22507
22507
22507
22510
22510
22515
22515
22516
22518
22520
22522
22524
22528
22534
22536
22537
22540
22540
22555
22558
22560
22566
22567
22569
22575
22576
22586
22589
22589
22592
22592
22593
22597
22602
22602
22606
22607
22609
22611
22611
22611
22613
22621
22627
22630
22631
22635
22639
22640
22641
22642
22648
22649
22651
22658
22664
22668
22668
22670
22673
22673
22674
22674
22685
22687
22691
22692
22695
22702
22705
22717
22718
22721
22722
22725
22727
22729
22734
22734
22734
22736
22737
22738
22740
22741
22742
22746
22749
22750
22762
22763
22763
22763
22767
22767
22770
22776
22778
22779
22782
22783
22785
22787
22789
22796
22800
22809
22809
22810
22812
22813
22818
22819
22825
22826
22826
22829
22831
22834
22839
22841
22843
22843
22857
22858
22861
22871
22872
22880
22882
22882
22884
22888
22888
22890
22891
22892
22893
22897
22900
22903
22911
22912
22920
22924
22931
22932
22939
22943
22947
22947
22951
22960
22961
22964
22965
22967
22977
22978
22979
22980
22982
22982
22983
22990
22994
22994
22995
22996
22996
22999
23005
23013
23014
23016
23018
23021
23022
23023
23027
23030
23035
23036
23036
23037
23038
23041
23042
23047
23047
23053
23062
23063
23063
23069
23073
23074
23075
23076
23081
23082
23086
23087
23090
23092
23093
23093
23093
23095
23095
23100
23104
23108
23113
23119
23121
23127
23128
23134
23135
23137
23139
23142
23148
23151
23151
23165
23170
23174
23174
23176
23179
23184
23187
23204
23208
23210
23211
23213
23218
23221
23221
23232
23232
23234
23235
23239
23246
23249
23249
23250
23252
23252
23252
23253
23253
23263
23265
23269
23270
23273
23273
23274
23279
23280
23281
23284
23290
23293
23298
23303
23303
23308
23312
23313
23313
23316
23324
23327
23329
23333
23334
23337
23337
23338
23345
23346
23351
23352
23353
23356
23364
23379
23381
23383
23387
23390
23392
23393
23394
23394
23397
23398
23400
23402
23409
23410
23424
23429
23437
23444
23453
23454
23455
23456
23460
23464
23464
23465
23466
23473
23474
23475
23476
23482
23483
23486
23486
23487
23489
23493
23493
23494
23500
23503
23504
23507
23515
23517
23522
23523
23533
23534
23535
23547
23553
23556
23557
23560
23562
23564
23564
23568
23570
23571
23581
23590
23591
23593
23593
23598
23601
23602
23602
23604
23607
23607
23609
23611
23614
23614
23620
23625
23628
23636
23637
23642
23658
23662
23663
23681
23684
23691
23700
23717
23717
23719
23720
23721
23723
23724
23726
23728
23730
23732
23732
23734
23737
23742
23746
23749
23751
23751
23760
23762
23764
23776
23776
23779
23780
23780
23785
23785
23788
23795
23798
23800
23802
23804
23805
23812
23823
23826
23829
23829
23830
23831
23835
23837
23839
23841
23841
23842
23844
23845
23846
23850
23850
23852
23853
23861
23861
23862
23864
23869
23869
23870
23872
23876
23880
23883
23890
23892
23896
23896
23910
23918
23918
23927
23928
23933
23936
23939
23940
23941
23946
23952
23959
23966
23968
23969
23973
23974
23977
23977
23979
23981
23982
23983
23986
23991
23994
23994
23999
24002
24004
24009
24012
24017
24019
24030
24038
24039
24039
24041
24050
24052
24052
24053
24054
24061
24062
24074
24075
24075
24080
24085
24085
24087
24092
24097
24114
24115
24121
24124
24127
24128
24136
24138
24140
24141
24142
24143
24147
24151
24152
24153
24156
24167
24169
24170
24170
24177
24182
24185
24188
24192
24196
24196
24201
24201
24209
24209
24213
24214
24217
24227
24228
24230
24236
24240
24242
24250
24251
24252
24252
24255
24258
24264
24266
24268
24268
24280
24283
24285
24287
24291
24295
24297
24304
24305
24306
24310
24310
24320
24325
24332
24333
24336
24336
24336
24337
24340
24340
24349
24352
24360
24370
24375
24377
24378
24379
24381
24382
24384
24384
24390
24391
24395
24399
24401
24402
24405
24409
24410
24413
24415
24415
24416
24417
24420
24422
24427
24429
24432
24434
24437
24438
24444
24444
24447
24449
24457
24458
24459
24466
24472
24486
24487
24489
24489
24491
24491
24493
24497
24499
24501
24502
24503
24508
24515
24516
24516
24521
24523
24529
24531
24534
24536
24537
24543
24551
24554
24562
24572
24575
24580
24582
24582
24582
24584
24585
24588
24592
24593
24593
24597
24598
24608
24618
24619
24619
24624
24624
24627
24627
24631
24631
24637
24651
24651
24654
24655
24662
24665
24673
24673
24676
24676
24678
24682
24684
24686
24697
24698
24704
24707
24711
24713
24715
24727
24729
24734
24735
24738
24739
24742
24744
24751
24752
24754
24754
24756
24759
24761
24761
24763
24763
24775
24777
24777
24778
24779
24783
24783
24786
24788
24790
24790
24792
24798
24799
24802
24805
24808
24809
24811
24811
24812
24813
24814
24816
24824
24825
24834
24835
24837
24838
24842
24844
24846
24847
24850
24851
24858
24865
24866
24868
24879
24881
24881
24882
24886
24900
24901
24903
24904
24904
24906
24911
24912
24915
24924
24930
24930
24931
24935
24938
24947
24947
24948
24966
24969
24976
24983
24983
24984
24996
25003
25005
25007
25008
25010
25010
25011
25012
25013
25027
25031
25031
25033
25034
25038
25044
25045
25047
25049
25049
25049
25055
25064
25066
25071
25077
25083
25083
25086
25088
25089
25093
25095
25100
25108
25114
25116
25118
25125
25127
25142
25145
25146
25147
25148
25152
25154
25156
25159
25163
25163
25168
25170
25171
25175
25177
25184
25196
25196
25197
25198
25198
25201
25208
25209
25209
25211
25223
25231
25231
25233
25236
25236
25240
25242
25246
25246
25247
25247
25248
25252
25253
25253
25257
25260
25263
25263
25263
25264
25266
25267
25271
25272
25282
25283
25284
25291
25291
25293
25296
25298
25307
25312
25318
25325
25326
25326
25326
25328
25328
25329
25330
25336
25336
25337
25345
25353
25355
25356
25360
25361
25373
25376
25379
25385
25390
25394
25394
25396
25400
25402
25406
25409
25414
25418
25422
25426
25427
25430
25432
25433
25435
25439
25450
25453
25457
25460
25460
25460
25462
25468
25476
25484
25487
25489
25493
25496
25497
25497
25502
25505
25506
25508
25510
25512
25512
25516
25519
25521
25522
25522
25523
25523
25528
25529
25538
25544
25544
25546
25560
25561
25564
25565
25566
25567
25568
25568
25573
25574
25575
25578
25581
25583
25589
25595
25599
25600
25602
25607
25607
25608
25612
25616
25621
25622
25627
25628
25628
25629
25641
25644
25648
25656
25657
25660
25660
25663
25671
25674
25675
25680
25683
25688
25689
25693
25693
25694
25698
25700
25704
25716
25723
25728
25731
25734
25735
25737
25743
25744
25746
25749
25750
25752
25754
25754
25755
25758
25763
25763
25767
25770
25775
25778
25788
25789
25790
25796
25803
25804
25805
25810
25816
25817
25818
25824
25831
25833
25834
25836
25840
25842
25843
25844
25845
25851
25855
25856
25859
25859
25860
25876
25888
25888
25891
25892
25898
25904
25906
25907
25907
25908
25909
25917
25917
25917
25918
25919
25920
25922
25924
25926
25926
25934
25940
25943
25946
25950
25950
25951
25951
25961
25965
25966
25973
25975
25993
25995
26002
26003
26005
26005
26008
26008
26010
26016
26018
26020
26021
26025
26026
26028
26028
26050
26050
26054
26054
26056
26060
26063
26063
26064
26064
26066
26076
26079
26079
26081
26092
26095
26095
26096
26096
26102
26104
26105
26107
26114
26115
26116
26117
26117
26121
26128
26129
26132
26138
26153
26156
26158
26162
26164
26164
26166
26170
26173
26175
26185
26186
26187
26190
26197
26200
26209
26210
26212
26214
26216
26223
26226
26230
26232
26235
26237
26238
26240
26242
26245
26246
26246
26246
26248
26257
26258
26261
26271
26273
26274
26281
26286
26289
26291
26292
26304
26306
26310
26310
26313
26322
26323
26326
26327
26327
26329
26334
26338
26344
26345
26346
26347
26354
26358
26358
26361
26361
26368
26373
26374
26375
26376
26379
26380
26381
26382
26383
26384
26385
26390
26404
26406
26413
26430
26432
26436
26437
26440
26443
26446
26449
26451
26452
26455
26455
26456
26461
26463
26468
26470
26475
26479
26479
26483
26486
26488
26492
26492
26494
26496
26501
26501
26506
26510
26510
26512
26518
26525
26536
26536
26542
26544
26548
26551
26557
26557
26561
26563
26570
26571
26571
26576
26578
26585
26585
26588
26591
26592
26593
26595
26601
26608
26620
26621
26627
26627
26634
26636
26638
26639
26644
26657
26659
26660
26662
26666
26672
26682
26687
26696
26701
26705
26711
26715
26717
26718
26720
26729
26729
26730
26730
26734
26734
26735
26739
26743
26744
26758
26761
26761
26768
26771
26779
26781
26782
26782
26785
26794
26797
26808
26808
26809
26811
26813
26816
26818
26820
26822
26825
26826
26826
26829
26835
26837
26841
26843
26845
26850
26856
26858
26865
26866
26868
26868
26869
26871
26875
26877
26878
26879
26896
26897
26898
26898
26929
26936
26936
26936
26939
26939
26943
26950
26957
26957
26965
26966
26968
26975
26984
26985
26993
26993
26994
26994
26996
26997
27001
27002
27003
27005
27009
27010
27018
27027
27046
27048
27052
27056
27063
27066
27070
27071
27072
27081
27085
27087
27089
27099
27100
27107
27118
27123
27124
27125
27133
27139
27140
27144
27144
27151
27151
27154
27163
27165
27169
27174
27176
27180
27181
27181
27182
27186
27188
27189
27190
27190
27197
27201
27204
27207
27207
27208
27208
27211
27211
27214
27216
27219
27239
27240
27241
27242
27246
27247
27252
27255
27259
27269
27275
27275
27278
27281
27281
27281
27283
27286
27287
27288
27292
27301
27303
27304
27306
27319
27320
27320
27326
27332
27336
27338
27346
27352
27353
27360
27360
27361
27365
27367
27367
27382
27385
27388
27392
27412
27423
27424
27424
27424
27425
27433
27434
27435
27439
27441
27444
27450
27451
27451
27452
27455
27455
27461
27461
27467
27472
27486
27493
27498
27500
27503
27507
27508
27515
27520
27521
27534
27546
27547
27552
27556
27557
27563
27564
27567
27591
27592
27597
27598
27599
27600
27601
27603
27604
27605
27607
27609
27611
27612
27624
27636
27636
27641
27648
27654
27655
27655
27656
27657
27663
27673
27677
27681
27686
27694
27696
27696
27698
27698
27701
27702
27706
27707
27708
27708
27710
27711
27718
27722
27728
27733
27735
27743
27743
27748
27753
27760
27763
27764
27768
27774
27775
27779
27783
27784
27788
27791
27793
27798
27800
27801
27802
27805
27808
27810
27816
27818
27824
27827
27829
27832
27832
27839
27849
27849
27852
27855
27857
27859
27861
27866
27867
27870
27870
27873
27875
27879
27880
27881
27884
27887
27888
27889
27890
27901
27902
27908
27908
27913
27919
27921
27923
27924
27931
27932
27934
27945
27952
27955
27959
27962
27962
27965
27966
27974
27975
27983
27986
27995
27996
28000
28000
28002
28008
28015
28017
28018
28019
28019
28021
28023
28024
28025
28028
28033
28043
28044
28051
28056
28059
28062
28063
28065
28065
28065
28069
28072
28080
28080
28082
28083
28084
28090
28100
28101
28103
28104
28104
28107
28109
28111
28112
28112
28113
28118
28133
28133
28135
28138
28138
28140
28141
28142
28153
28153
28157
28169
28173
28175
28175
28180
28184
28185
28186
28192
28194
28199
28206
28212
28212
28213
28218
28221
28222
28222
28225
28226
28226
28228
28243
28246
28249
28263
28276
28286
28290
28292
28297
28303
28303
28304
28306
28307
28308
28314
28322
28330
28336
28342
28343
28344
28348
28350
28350
28352
28356
28362
28363
28379
28382
28384
28385
28392
28393
28396
28408
28412
28413
28419
28419
28424
28427
28431
28436
28444
28452
28453
28453
28468
28469
28469
28473
28474
28477
28482
28486
28490
28491
28497
28498
28508
28508
28513
28519
28520
28522
28523
28530
28530
28530
28534
28547
28548
28552
28553
28555
28556
28557
28561
28570
28570
28574
28576
28577
28580
28585
28587
28592
28593
28594
28595
28596
28599
28600
28603
28603
28608
28610
28613
28614
28618
28626
28629
28630
28630
28631
28632
28640
28641
28644
28646
28649
28652
28654
28658
28658
28664
28669
28676
28680
28683
28684
28685
28686
28689
28692
28698
28701
28711
28711
28723
28728
28729
28743
28744
28745
28747
28747
28750
28752
28757
28764
28770
28771
28779
28781
28782
28783
28784
28785
28787
28794
28795
28799
28806
28808
28813
28813
28814
28828
28831
28832
28835
28837
28839
28849
28850
28853
28855
28860
28867
28872
28872
28876
28880
28883
28891
28895
28896
28896
28896
28897
28900
28902
28903
28903
28913
28914
28921
28921
28922
28924
28925
28936
28944
28944
28946
28959
28960
28962
28964
28965
28969
28974
28976
28982
28992
28992
28993
28998
29000
29009
29014
29027
29033
29034
29035
29048
29056
29059
29061
29063
29067
29067
29069
29074
29075
29075
29077
29077
29078
29081
29084
29089
29090
29093
29095
29098
29104
29107
29108
29108
29116
29117
29117
29119
29120
29124
29125
29129
29130
29133
29134
29139
29139
29143
29144
29145
29153
29155
29158
29159
29160
29166
29170
29185
29189
29195
29196
29196
29199
29200
29201
29204
29204
29205
29206
29210
29213
29214
29214
29216
29218
29219
29223
29226
29226
29230
29231
29236
29241
29249
29250
29250
29251
29252
29252
29255
29258
29260
29262
29265
29266
29275
29281
29289
29297
29299
29306
29315
29315
29315
29315
29322
29323
29334
29335
29335
29339
29347
29354
29356
29357
29357
29359
29359
29365
29365
29371
29375
29379
29382
29391
29396
29398
29407
29410
29419
29420
29425
29426
29427
29428
29429
29429
29431
29434
29438
29440
29445
29447
29447
29448
29453
29466
29468
29470
29473
29474
29474
29478
29482
29489
29491
29492
29495
29499
29499
29500
29504
29506
29507
29508
29513
29514
29516
29516
29527
29528
29531
29536
29536
29538
29541
29543
29546
29548
29551
29551
29552
29560
29562
29563
29564
29575
29578
29583
29586
29587
29588
29591
29593
29594
29596
29599
29602
29603
29613
29617
29629
29632
29632
29632
29632
29634
29636
29637
29642
29643
29647
29649
29651
29654
29655
29663
29671
29674
29674
29676
29676
29684
29687
29687
29689
29696
29699
29702
29712
29712
29712
29718
29720
29722
29723
29725
29729
29730
29733
29740
29744
29747
29750
29752
29752
29754
29758
29762
29764
29764
29769
29770
29773
29775
29776
29777
29778
29782
29782
29783
29783
29785
29792
29795
29797
29800
29802
29805
29806
29817
29823
29825
29831
29832
29836
29847
29852
29853
29856
29859
29863
29866
29869
29870
29870
29873
29875
29875
29885
29892
29893
29893
29894
29896
29899
29900
29913
29919
29919
29921
29921
29923
29926
29927
29931
29946
29946
29949
29956
29959
29962
29964
29965
29966
29969
29969
29969
29973
29975
29977
29982
29989
29993
30016
30018
30021
30026
30036
30044
30047
30050
30050
30050
30053
30056
30062
30066
30071
30071
30075
30077
30091
30092
30093
30096
30099
30102
30102
30114
30117
30117
30118
30123
30128
30128
30128
30128
30129
30131
30132
30135
30155
30160
30160
30162
30164
30171
30176
30176
30177
30178
30180
30181
30184
30187
30203
30203
30204
30214
30220
30229
30230
30231
30232
30241
30246
30249
30253
30253
30253
30256
30256
30259
30266
30274
30277
30279
30287
30288
30290
30291
30298
30316
30319
30322
30326
30329
30334
30338
30339
30341
30343
30347
30348
30352
30355
30355
30357
30359
30362
30362
30362
30378
30379
30382
30383
30384
30386
30396
30396
30398
30404
30409
30409
30410
30416
30416
30417
30419
30422
30422
30432
30434
30439
30441
30441
30451
30452
30453
30455
30455
30456
30458
30461
30467
30469
30470
30476
30478
30478
30482
30484
30485
30500
30503
30510
30514
30514
30515
30520
30520
30521
30531
30532
30537
30538
30541
30541
30547
30551
30554
30554
30557
30560
30566
30569
30571
30573
30580
30580
30581
30582
30584
30586
30587
30589
30590
30596
30598
30605
30609
30614
30621
30628
30634
30641
30647
30647
30660
30661
30665
30673
30673
30677
30679
30689
30690
30697
30699
30702
30704
30704
30709
30712
30716
30716
30720
30727
30728
30729
30731
30732
30733
30733
30735
30740
30742
30748
30751
30756
30756
30757
30766
30769
30772
30779
30795
30798
30803
30807
30814
30816
30816
30820
30827
30827
30832
30832
30842
30845
30860
30866
30876
30880
30885
30887
30888
30889
30889
30891
30895
30899
30905
30905
30906
30909
30910
30910
30913
30914
30916
30922
30934
30934
30937
30940
30947
30952
30954
30955
30956
30957
30958
30959
30961
30963
30963
30964
30966
30966
30971
30975
30981
30982
30987
30991
30991
30993
30995
30996
31002
31004
31010
31011
31014
31015
31023
31023
31025
31030
31030
31037
31040
31041
31043
31048
31049
31050
31053
31054
31054
31057
31059
31062
31066
31073
31074
31086
31087
31087
31091
31101
31101
31107
31108
31116
31117
31123
31124
31126
31130
31135
31137
31137
31137
31141
31145
31145
31147
31148
31154
31154
31162
31169
31171
31173
31178
31187
31190
31190
31195
31196
31198
31198
31199
31201
31210
31212
31213
31215
31215
31215
31216
31216
31219
31220
31233
31233
31235
31236
31238
31239
31245
31247
31249
31250
31260
31265
31267
31269
31270
31277
31288
31290
31299
31300
31302
31305
31306
31311
31313
31317
31318
31329
31329
31330
31337
31338
31339
31341
31342
31344
31353
31355
31356
31357
31363
31364
31366
31370
31370
31371
31374
31380
31386
31389
31391
31395
31413
31414
31416
31418
31419
31429
31432
31435
31435
31439
31443
31443
31447
31448
31450
31450
31456
31457
31458
31458
31461
31462
31462
31464
31465
31467
31469
31470
31471
31475
31476
31483
31483
31484
31484
31484
31490
31492
31493
31494
31500
31502
31503
31507
31507
31511
31512
31512
31517
31521
31523
31523
31525
31527
31531
31533
31534
31534
31536
31541
31543
31546
31547
31554
31555
31562
31564
31568
31572
31576
31579
31581
31583
31588
31591
31598
31599
31613
31614
31615
31626
31629
31646
31653
31653
31657
31657
31660
31661
31669
31670
31673
31674
31676
31677
31682
31686
31686
31687
31688
31691
31694
31698
31702
31705
31705
31706
31706
31707
31707
31708
31709
31711
31718
31721
31729
31736
31737
31739
31739
31745
31750
31762
31763
31764
31766
31766
31771
31775
31796
31801
31801
31802
31808
31810
31810
31815
31818
31819
31822
31824
31825
31826
31829
31831
31834
31843
31844
31849
31852
31853
31856
31859
31860
31862
31868
31869
31875
31881
31885
31886
31888
31890
31895
31903
31906
31917
31926
31933
31933
31937
31938
31940
31945
31948
31952
31954
31956
31959
31961
31962
31967
31974
31976
31978
31978
31978
31978
31980
31986
31987
31988
31990
31990
31996
32000
32001
32003
32004
32007
32009
32011
32015
32020
32024
32039
32045
32048
32050
32052
32052
32054
32063
32066
32070
32072
32073
32076
32080
32081
32082
32097
32099
32099
32105
32111
32111
32113
32114
32118
32122
32127
32127
32129
32135
32135
32136
32137
32139
32140
32142
32144
32144
32146
32153
32171
32183
32184
32190
32200
32202
32215
32219
32220
32220
32222
32228
32232
32232
32236
32240
32245
32253
32254
32255
32255
32256
32269
32270
32286
32289
32290
32293
32296
32296
32297
32305
32308
32322
32324
32325
32328
32331
32333
32345
32345
32348
32348
32349
32352
32354
32355
32356
32359
32359
32365
32368
32370
32379
32382
32384
32385
32387
32400
32408
32409
32410
32411
32413
32415
32417
32424
32439
32443
32445
32451
32460
32465
32469
32490
32494
32496
32497
32500
32500
32503
32505
32512
32518
32518
32520
32522
32522
32524
32526
32526
32526
32527
32530
32541
32548
32557
32563
32569
32570
32573
32577
32580
32581
32582
32594
32601
32601
32605
32606
32607
32618
32621
32621
32625
32635
32643
32644
32647
32649
32651
32654
32655
32659
32659
32661
32667
32667
32669
32669
32671
32682
32686
32688
32690
32698
32699
32702
32705
32717
32721
32722
32724
32735
32737
32739
32742
32744
32745
32754
32761
