71
77
108
150
151
187
211
218
279
286
307
329
338
387
408
427
470
471
527
601
629
633
646
650
674
711
735
814
832
872
875
890
894
898
923
952
1012
1067
1153
1205
1214
1218
1278
1283
1295
1329
1331
1377
1383
1401
1404
1435
1490
1553
1592
1614
1659
1665
1729
1892
1895
1916
1928
1930
1956
1971
1979
2013
2084
2097
2106
2132
2140
2164
2179
2184
2317
2363
2363
2397
2432
2508
2509
2585
2589
2593
2604
2618
2630
2694
2699
2739
2746
2762
2762
2780
2802
2832
2874
2901
2922
3005
3033
3045
3048
3066
3105
3117
3138
3146
3173
3265
3267
3309
3317
3377
3408
3413
3435
3437
3439
3475
3478
3497
3566
3596
3609
3630
3650
3654
3668
3685
3743
3749
3760
3762
3866
3893
3909
3934
3957
4011
4023
4068
4085
4101
4106
4137
4158
4173
4193
4263
4267
4324
4369
4417
4495
4521
4537
4544
4579
4604
4654
4680
4824
4832
4861
4882
5043
5101
5141
5221
5223
5251
5295
5307
5316
5373
5411
5458
5471
5484
5538
5560
5579
5621
5667
5715
5732
5736
5843
5844
5885
5920
5981
5994
6094
6161
6193
6231
6248
6277
6290
6301
6382
6608
6671
6735
6740
6758
6787
6788
6806
6845
6897
6900
6917
6922
6962
7080
7104
7117
7136
7161
7249
7292
7316
7337
7364
7407
7422
7443
7446
7498
7526
7618
7631
7666
7667
7695
7725
7856
7936
7985
7998
8014
8025
8133
8190
8256
8318
8331
8370
8392
8401
8409
8442
8450
8472
8478
8496
8544
8551
8563
8644
8646
8647
8652
8839
8895
8918
8926
8941
8954
8968
8974
9019
9051
9148
9187
9189
9222
9269
9280
9324
9351
9380
9466
9488
9553
9652
9678
9705
9718
9732
9777
9793
9793
9862
9878
9994
10021
10030
10037
10115
10188
10351
10366
10378
10391
10421
10445
10445
10493
10495
10539
10567
10576
10578
10603
10653
10660
10744
10759
10763
10769
10780
10822
10865
10869
10894
10894
10918
10934
10936
10951
11042
11134
11147
11160
11190
11193
11202
11245
11309
11337
11402
11481
11494
11520
11526
11534
11555
11561
11585
11590
11626
11646
11668
11673
11685
11688
11703
11724
11736
11778
11788
11789
11797
11817
11858
11961
11982
12021
12121
12123
12132
12139
12151
12219
12311
12322
12360
12390
12414
12415
12424
12425
12449
12505
12515
12524
12533
12608
12648
12655
12709
12753
12761
12827
12838
12859
12876
12967
12979
12979
13021
13028
13047
13079
13090
13101
13131
13136
13138
13186
13215
13215
13346
13395
13431
13432
13452
13454
13462
13479
13504
13516
13547
13572
13577
13583
13664
13712
13735
13758
13786
13828
13966
14016
14023
14125
14135
14162
14196
14281
14314
14320
14340
14340
14352
14376
14391
14396
14440
14446
14456
14465
14468
14586
14723
14732
14795
14840
14925
14930
14966
14982
14987
15022
15069
15119
15138
15197
15200
15210
15242
15273
15291
15293
15312
15354
15356
15370
15376
15410
15432
15487
15596
15633
15636
15644
15652
15683
15711
15767
15790
15843
15854
15896
15899
15935
15935
16039
16055
16104
16119
16157
16172
16211
16213
16221
16269
16317
16326
16332
16355
16398
16406
16430
16461
16566
16579
16596
16655
16754
16775
16782
16795
16817
16958
16969
16985
17013
17041
17086
17086
17122
17144
17164
17168
17170
17223
17262
17326
17328
17335
17424
17476
17652
17665
17668
17718
17736
17740
17791
17844
17864
17890
17969
18177
18181
18188
18244
18289
18299
18326
18345
18369
18389
18397
18418
18488
18570
18574
18601
18644
18646
18652
18667
18698
18725
18947
18990
18991
18993
19005
19014
19069
19164
19196
19239
19253
19259
19274
19281
19285
19300
19300
19330
19331
19391
19440
19448
19450
19464
19532
19683
19705
19710
19768
19769
19775
19783
19824
19873
19890
19955
19959
19990
20020
20081
20116
20156
20172
20176
20181
20196
20262
20340
20362
20395
20404
20410
20415
20450
20463
20472
20477
20549
20569
20571
20668
20788
20804
20818
20836
20878
20954
21018
21050
21085
21087
21088
21107
21125
21129
21216
21237
21244
21258
21338
21384
21387
21421
21486
21529
21531
21603
21610
21620
21691
21774
21810
22015
22065
22093
22115
22122
22123
22241
22261
22278
22305
22316
22354
22477
22529
22530
22581
22609
22620
22658
22703
22760
22773
22777
22782
22783
22794
22891
22900
22922
22932
22937
22957
22962
23007
23069
23083
23086
23088
23109
23168
23174
23195
23248
23254
23255
23287
23292
23331
23339
23343
23347
23351
23370
23371
23414
23415
23444
23544
23571
23670
23701
23714
23724
23735
23875
23887
23889
23892
23919
23940
23958
23964
23974
24002
24007
24077
24092
24107
24151
24184
24215
24231
24234
24287
24290
24298
24316
24377
24417
24417
24433
24448
24462
24493
24526
24537
24551
24578
24703
24710
24733
24787
24802
24916
25027
25056
25082
25226
25229
25243
25262
25262
25352
25402
25413
25460
25510
25513
25541
25601
25627
25663
25670
25812
25835
25853
25868
25949
25957
25963
25981
26028
26036
26046
26079
26097
26108
26143
26146
26314
26431
26497
26632
26643
26720
26741
26742
26744
26813
26825
26830
26848
26927
26931
26964
27017
27030
27043
27076
27081
27139
27181
27258
27334
27334
27339
27406
27479
27585
27636
27660
27674
27709
27730
27741
27807
27824
27867
27876
27888
27939
27979
28027
28046
28136
28411
28462
28462
28475
28479
28635
28675
28679
28683
28684
28685
28704
28788
28814
28859
28862
28909
28936
28948
28956
28976
28993
29011
29080
29107
29129
29183
29210
29217
29223
29224
29279
29394
29560
29578
29620
29645
29646
29649
29716
29737
29773
29799
29842
29847
29853
29866
29994
29996
30006
30061
30079
30090
30116
30117
30187
30294
30323
30337
30358
30411
30460
30471
30490
30541
30577
30587
30599
30621
30631
30638
30642
30649
30692
30694
30727
30728
30733
30804
30857
30859
30909
30919
30923
30966
31000
31080
31119
31150
31153
31239
31312
31337
31345
31370
31446
31479
31514
31548
31570
31590
31608
31611
31623
31631
31664
31733
31760
31769
31800
31821
31899
31922
31931
31947
31969
31999
32003
32081
32082
32084
32289
32333
32366
32370
32391
32393
32420
32425
32449
32477
32488
32504
32525
32565
32599
32604
32625
32639
32660
32701
